[ 0.          0.          0.         -1.72768332  0.          0.
 -1.74021883  0.         -1.73351458  0.          0.         -1.73942144
  0.          0.          0.          0.          0.          0.
  0.          0.          0.          0.         -0.54303355  0.
  0.          0.          0.          0.          0.          0.
  0.          0.          0.          0.          0.          0.
  0.         -1.16221307 -1.39018257 -0.55790531  0.          0.
 -1.71405733  0.          0.          0.          0.         -1.69734079
 -1.70156416  0.         -1.70554948  0.          0.         -0.81690872
 -0.71852815  0.          0.          0.          0.          0.        ]
[-0.27725115 -0.30969475 -0.35980071 -0.72312775 -1.66878761 -1.16236812
 -0.46247616 -0.50283103 -0.46002648 -0.45175546 -0.7528037  -0.97084254
 -1.57936198 -1.48628295 -1.71774934 -1.71877314 -1.73084797 -1.74271455
 -1.76200431 -1.77379439 -1.78098688 -1.77854383 -1.84831044 -1.84843443
 -1.85402125 -1.86133291 -1.85991031 -1.87801217  0.3383025  -1.13165025
 -1.42943912 -1.82607344 -1.80669872 -1.77922555 -1.77629577 -1.77531846
 -0.07655498 -0.13124845 -0.25608815 -0.63887835 -1.58290216 -1.22054449
 -1.16952872  0.32136773 -0.77691277 -1.25553501 -1.49947431 -1.52798626
 -1.56035673 -1.56607867 -1.52801498 -1.49791531 -1.52012363 -1.59856043
 -1.66139295 -1.64919773 -1.64445133 -1.63748381 -1.63948139 -0.96106401]
[-0.39967384 -0.40865422 -0.41708403 -0.49036054  0.455671    0.45073842
  0.47637035  0.02430794  0.46279939  0.43640859 -0.74942616 -0.9881196
  0.42327554 -0.57745027 -0.53275948 -0.75799322 -1.82011144 -1.82690066
 -1.83957492 -1.88826026 -1.97942994  0.417022   -1.12783303 -0.98200562
  0.51557696  0.54705876  0.54038864  0.49234276  0.45138499  0.43903691
 -0.51782917 -0.42808418 -0.55498484 -1.83307151 -1.80699241 -1.81741616
 -1.84133172  0.57122281  0.54665319 -1.23127298 -0.78360164  0.54962158
 -1.49414812 -1.49340981 -1.46940634 -0.03903496 -1.14190286 -0.71907278
 -1.15052534 -1.45818392 -1.46140607 -1.45265274 -1.46905794 -1.57548648
 -1.56909208 -1.11345616 -0.23012258 -0.22891924 -0.55550089 -0.52857306]
[ 0.53936182  0.75040176  0.45763981  0.45575453  0.41372187  0.46434127
  0.          0.62733012  0.09835361  0.49131559  0.47318538  0.48594861
  0.74532604 -0.92951334  0.         -0.3498728  -0.57055754 -1.95059019
 -2.00016405 -1.21020218 -0.12277756 -0.09729708  0.55858886  0.65167622
  0.53510041  0.61129223  0.64015586  0.51055054  0.45632372  0.3996763
  0.49157682  0.76791555 -1.60715972 -1.19991486 -1.84638154 -1.84570191
 -1.90519781  0.47315079  0.63791567  0.62663472 -0.84408396 -1.47357057
 -1.43651241 -1.4297565  -1.37272688 -1.33538565 -1.16765087 -1.14537618
  0.56576554 -1.04943724 -1.36335763  0.73994881 -1.41801228 -1.51311437
 -1.09379941 -0.15843762 -0.15328416  0.25442663  0.3364691   0.74155973]
[ 0.          0.58533692  0.          0.81696199  0.          0.
  0.          0.72113401  0.          0.54895125  0.4679611   0.
  0.82424925  0.81058316 -0.88963938 -0.54829582 -0.69494774 -2.06544597
 -2.11597566 -1.14258101  0.86038463 -0.18709351 -1.18244457 -0.07634512
 -0.21051697  0.81928062  0.54741108  0.38934972  0.          0.
  0.          0.79768434  0.90293652 -0.66154423 -0.68933541 -1.91775289
  0.82323876  0.82075751  0.8073322  -1.26326406 -1.464981   -1.42349762
 -1.36234786 -1.33566218 -1.31376843 -1.26293453 -1.23433664 -1.22472227
 -0.7252734  -0.99307994 -1.33228469  0.74787861 -1.35814428 -1.39152351
 -0.44811397 -0.10503851  0.30862176  0.81247487  0.83555615  0.7615622 ]
[ 0.          0.          0.          0.          0.          0.
  0.          0.          0.          0.          0.          0.
  0.          0.88273318  0.165215    0.         -0.69974983 -2.17438626
 -0.73197258  0.83064291  0.8641662   0.98137486 -0.06545004  0.30805686
 -0.10659687  0.9716278   0.          0.          0.          0.
  0.          0.          0.87935588  0.91094007 -0.66900942 -2.01517114
 -0.09904932  0.95999602  1.02927136  0.95280135 -1.39671188 -1.34962694
 -1.31915687 -1.26381667 -1.24086976 -0.13693226 -0.40952293  0.9410553
 -0.96720209  0.94292629 -1.07922812 -0.62006453 -1.32195363  0.0127008
 -0.30128419  0.          0.43064614  0.82404469  0.          0.        ]
[ 0.          0.          0.          0.          0.          0.
  0.          0.          0.          0.          0.          0.
  0.         -0.31719945 -1.01507103  0.         -2.22686703 -2.27972096
  1.07286215 -0.66341412  1.02252891  1.11707449 -0.0098772   0.45990332
  1.05851793  0.90848422  0.          0.          0.          0.
  0.          0.          0.          0.99851118 -2.16507804 -2.07135501
 -2.07466687  1.0341866  -1.59912676  1.06354502  1.1290679  -0.8480365
 -0.84131975 -1.09534922  0.84387067 -0.04217307 -0.13907767 -0.76511168
 -1.16724784  0.27566978 -0.08350591 -1.18999197 -1.27546239  0.16232062
 -0.10667405  0.99596763  0.96945925  0.98640532  0.          0.        ]
[ 0.          0.          0.          0.          0.          0.
  0.          0.          0.          0.          0.          0.
  0.          0.         -2.2430079   0.         -2.30594858 -1.58250976
  0.03589012  0.62320733  1.14957809  1.14778256  0.49352133  0.2665402
  0.          0.          0.          0.          0.          0.
  0.          0.          0.          0.         -2.22818464 -2.10310555
 -2.11161296 -0.11501417 -1.17015433  0.48498844  1.01525469  1.22484374
  1.28352174  1.24511147  1.28183472 -0.42503715 -0.53708202 -0.23992085
 -0.22146845  0.39015906  0.47352096  1.26148623 -0.24150838  0.15123893
  1.27773011  1.25322175  0.          0.          0.          0.        ]
[ 0.          0.          0.          0.          0.          0.
  0.          0.          0.          0.          0.          0.
  0.          1.37364557  1.40423691 -0.70164436 -0.70186247 -0.0916753
  0.05547118  0.          0.         -0.30296829  0.44378033  0.
 -0.52136031  0.          0.          0.          0.          0.
  0.          0.          0.          1.35442046  1.43659449 -0.89457188
 -2.15393871 -0.13537592 -0.13918148  0.          0.          0.
  0.          0.          1.31279981  1.12423507  0.39061745  1.40908194
  1.39057869  1.00766078  1.00977973  1.28697677 -1.106896    0.
  1.32040352  1.30382597  0.          0.          0.          0.        ]
[ 0.          0.          0.          0.          0.          0.
  0.          0.          0.          0.          0.          0.
  0.          0.          1.5200808   1.5431298  -2.43008558  1.40920198
  1.40182383  0.57728076  0.          0.          0.          0.
  0.          0.          0.          0.          0.          0.
  0.          0.          0.          0.          1.5599829  -1.68182039
 -2.17683113 -0.29105228 -0.58571774  0.          0.          0.
  0.          0.          0.          1.46503711  1.47315848  1.38853693
  1.49176514  1.48464662  1.54185843 -0.84429422 -1.02529585  0.
  0.56800431  0.          0.          0.          0.          0.        ]
[ 0.          0.          0.          0.          0.          0.
  0.          0.          0.          0.          0.          0.
  0.          0.          1.3735919   1.63973629 -1.63714021 -0.14714372
  1.61442327  1.59395373  1.13027978  0.          1.15743157  1.63264489
  0.          0.          0.          0.          0.          0.
  0.          0.          0.          0.          1.55449897 -1.32630384
 -2.18831825  1.51205558 -0.13260306  0.          0.          0.
  0.          0.          1.45821483  1.58113762  1.65648437  1.67697132
  0.8370173   0.32664698  1.32700658  1.3034941  -0.91286351  0.33234185
  0.82900399  0.          0.          0.          0.          0.        ]
[ 0.          0.          0.          0.          0.          0.
  0.          0.          0.          0.          0.          0.
  0.          0.          1.50564611 -1.35054898 -2.54888201  1.7920059
  1.74365616  0.          0.83689582  1.75486779  1.76651514  1.74268734
 -0.51471418  0.          0.          0.          0.          0.
  0.          0.          0.          0.          1.85233665 -2.27046466
  0.         -0.15538636 -0.13779749  0.          0.          0.
  0.          0.          0.          1.77841103  1.81047618  1.26414168
  1.74850154  1.76729327  1.26691085  0.33970657  0.33779979  1.80473411
  1.75703353  0.          0.          0.          0.          0.        ]
[ 0.          0.          0.          0.          0.          0.
  0.          0.          0.          0.          0.          0.
  0.          0.         -0.85696882 -0.49648976  0.          1.81471765
  0.          0.          0.          0.          1.84766841  0.
 -0.53804106  0.          0.          0.          0.          0.
  0.          0.          0.          0.          1.9685477  -1.64966786
 -2.2423203  -0.83283967 -0.49154103  0.          0.          0.
  0.          0.          0.          0.34561959  1.93971694  0.96641374
  1.56673467  1.29643834  1.53719413 -0.82682744  0.35377944  1.52354956
  0.          0.          0.          0.          0.          0.        ]
[ 0.          0.          0.          0.          0.          0.
  0.          0.          0.          0.          0.          0.
  0.          0.          0.          0.         -2.76536854  1.93991375
  0.          0.          0.          0.50311033  0.          1.38864994
  0.          0.          0.          0.          0.          0.
  0.          0.          0.          0.         -0.90451455 -0.01831894
  0.         -0.20256783 -0.54764024  0.          0.          0.
  0.          0.          0.          0.          2.01994061  0.
  0.          0.          0.995727    2.07894838  2.08026075  2.00333679
  0.          0.          0.          0.          0.          0.        ]
[ 0.          0.          0.          0.          0.          0.
  0.          0.          0.          0.          0.          0.
  0.          0.          0.          0.          0.          0.
  0.          0.          0.          0.          2.08356595 -0.66838366
  0.          0.          0.          0.          0.          0.
  0.          0.          0.          0.          2.26446152  2.26420593
  0.          0.8132683   1.57462394  0.          0.          0.
  0.          0.          0.          0.          1.74565017  1.06800866
  0.          0.          2.11718726  1.73731256  2.09307122  0.
  0.          0.          0.          0.          0.          0.        ]
[ 0.          0.          0.          0.          0.          0.
  0.          0.          0.          0.          0.          0.
  0.          0.          0.          0.         -2.28174567 -2.14750981
  0.          0.          0.          0.          0.          0.
  0.          0.          0.          0.          0.          0.
  0.          0.          0.          0.          0.          2.393507
  0.          2.37402034  0.          0.          0.          0.
  0.          0.          0.          0.          0.37331048  0.
  2.34189582  2.32811666  1.93148386  0.          1.83886206  2.25396204
  0.          0.          0.          0.          0.          0.        ]
[0.         0.         0.         0.         0.         0.
 0.         0.         0.         0.         0.         0.
 0.         0.         2.0071063  2.42249107 1.66401827 2.43825305
 0.         0.         0.         0.         0.         0.
 0.         0.         0.         0.         0.         0.
 0.         0.         0.         0.         0.         2.50068855
 2.50931609 2.51397491 0.         0.         0.         0.
 0.         0.         0.         0.         0.         0.
 2.39522386 0.         2.45813274 1.00121757 0.85038662 2.39152718
 0.         0.         0.         0.         0.         0.        ]
[ 0.          0.          0.          0.          0.          0.
  0.          0.          0.          0.          0.          0.
  0.          0.          0.          2.55832815 -0.37310804  2.56334305
  0.          0.          0.          0.          0.          0.
  0.          0.          0.          0.          0.          0.
  0.          0.          0.          0.          0.          2.65976548
  0.          2.5456183   0.          0.          0.          0.
  0.          0.          0.          0.          0.          0.
  2.07865381  0.          2.06652069  0.          2.6123178   0.
  0.          0.          0.          0.          0.          0.        ]
[ 0.          0.          0.          0.          0.          0.
  0.          0.          0.          0.          0.          0.
  0.          0.          0.          2.63523054 -2.17442226  2.61972213
  0.          0.          0.          0.          0.          0.
  0.          0.          0.          0.          0.          0.
  0.          0.          0.          0.          0.          2.2850709
  0.          0.46604848  0.          0.          0.          0.
  0.          0.          0.          0.          0.         -0.39979051
  0.          0.          0.          0.          2.66686523  0.
  0.          0.          0.          0.          0.          0.        ]
[ 0.          0.          0.          0.          0.          0.
  0.          0.          0.          0.          0.          0.
  0.          0.          0.          2.78506231 -2.34810638  2.79796791
  0.          0.          0.          0.          0.          0.
  0.          0.          0.          0.          0.          0.
  0.          0.          0.          0.          0.         -0.86293328
  0.          1.43977916  0.          0.          0.          0.
  0.          0.          0.          0.          0.          0.
  0.          0.          0.          0.          0.          0.
  0.          0.          0.          0.          0.          0.        ]
