[ 0.         -0.9140743   0.          0.         -1.73262032  0.
  0.          0.         -1.7268842   0.         -1.67364524 -1.6562272
 -1.68018674  0.         -1.69752229 -1.7157542   0.          0.
  0.          0.          0.          0.         -0.58475728  0.
  0.          0.          0.          0.          0.          0.
  0.          0.          0.          0.          0.          0.
  0.         -1.76523556  0.         -1.75948481 -0.55661841  0.
  0.         -1.73609742 -1.73389245 -1.73810103  0.          0.
  0.          0.          0.          0.          0.          0.
 -0.70928949  0.          0.          0.          0.          0.        ]
[-1.63767798 -1.61826017 -1.60820032 -1.61176143 -1.63140649 -1.65537074
 -1.6270881  -1.58649907 -1.55333834 -0.68475987  0.29612799  0.28005897
  0.43511873  0.32836556  0.28829268  0.26377193  0.25689716 -0.58824211
 -0.35991515 -0.41123068 -1.81756116 -1.8579827  -1.85176729 -1.83630035
 -1.83063592 -1.82827809 -1.82412744 -1.8307343  -1.86029926 -1.86332425
 -1.84289051 -1.83099869 -1.83156281 -1.87246577 -1.79002011 -1.77176469
 -1.76053537 -1.76525612 -1.75064815 -1.75095512 -1.73688371 -1.72909364
 -1.71583162 -1.69956139 -1.69060062 -1.67933667 -1.66847363 -1.66880275
 -1.67380085 -1.68368717 -1.68876541 -1.66968735 -1.56983107 -1.50279473
 -1.51235822 -0.78401592  0.42323149 -1.5435118  -1.56187442 -1.5894379 ]
[ 1.17653179e-03 -1.06866663e-02 -6.04607046e-01 -1.53846524e+00
 -1.55347459e+00 -1.79902918e-01 -1.25262268e-01 -1.01296616e-01
  3.15693147e-01  6.18242919e-01  5.99924107e-01  0.00000000e+00
  0.00000000e+00  0.00000000e+00  0.00000000e+00  4.41241585e-01
  6.05113963e-01 -1.61243123e+00  0.00000000e+00 -6.75272882e-01
 -8.51952821e-01 -1.88090046e+00 -1.86508428e+00 -1.85315675e+00
 -1.84987767e+00 -1.86713389e+00 -1.95581100e+00 -7.38414972e-01
 -6.69334821e-01 -6.25552297e-01  2.77515019e-01 -7.53417730e-01
 -1.94042432e+00 -1.97042282e+00 -1.96337120e+00 -1.92961907e+00
 -1.91881241e+00 -1.91144468e+00 -1.90720555e+00 -1.91008251e+00
 -1.86522761e+00 -1.81218979e+00 -1.79310017e+00 -1.08798201e+00
 -1.72059804e+00 -1.66387976e+00 -1.64658068e+00 -1.63937604e+00
 -1.63591527e+00 -1.64473348e+00 -1.68754835e-01 -1.89478314e-01
 -8.14250238e-01  6.05842376e-01  4.32558375e-01  5.59136868e-01
  6.10884113e-01 -6.98361771e-01 -1.76513036e-01 -1.49500258e-01]
[ 0.72919774  0.60519475 -1.45320499 -1.4636814  -1.45829219  0.70541801
  0.68994591  0.68841475  0.66827565  0.66908625  0.          0.
  0.66081643  0.          0.          0.          0.63858692  0.70834827
  0.          0.         -1.93035861 -1.92295722 -1.90941849 -1.91758239
 -1.86105008 -1.12282461  0.68918052 -0.66801834 -0.68259113 -1.10283634
  0.76859188  0.74743801  0.70204356  0.71996865  0.68013042 -2.14783335
 -2.10498938 -2.11420612 -2.0577928   0.70464295 -0.73735167  0.68567468
 -0.46568399 -0.50221015 -0.35460544 -0.37383846 -1.69937845 -1.64605165
 -1.63998163 -1.64936161 -0.32745711  0.71211544  0.68590079  0.6527332
  0.          0.         -0.68784552  0.65949055  0.66203286  0.67449915]
[ 0.78622139  0.81515607  0.84398854 -1.43837398 -1.41343573  0.76867453
  0.87471002  0.7644968   0.          0.          0.          0.
  0.          0.          0.          0.          0.          0.69465729
  0.78205981 -0.35890437 -0.60384315 -1.99514255 -1.99428991 -2.04557124
 -0.74904123 -0.77801754  0.788968    0.75025304  0.73860816  0.71937302
  0.          0.2751488  -1.02622598  0.45028912 -0.69977205 -2.28234506
 -2.27199688 -2.23434012 -0.77500555  0.79530563  0.81314397  0.74934784
  0.78981698  0.83966184  0.85898072 -0.29001058 -0.34200961 -1.68118124
 -1.6341749  -1.63530575  0.27629331 -1.35331765  0.87162787  0.
  0.          0.          0.          0.          0.         -0.3630248 ]
[ 0.53127342  0.82171748  0.90293217 -1.35369795 -1.35912535 -0.32952808
  0.7881025   0.79073059  0.          0.          0.          0.
  0.          0.          0.          0.          0.          0.
  0.86848432  0.99369448 -1.74997693 -2.08145234 -2.09329414 -2.19406697
 -2.19183314  0.          0.90352996  0.79096857  0.          0.
  0.          0.         -1.34024143  0.7574476   0.19512977 -2.40357697
 -1.11923107 -0.95935287 -0.93328315  0.89517251  0.          0.
  0.80430669  0.94165707  0.83456679 -0.41944435 -0.3551095  -1.71848581
 -1.60564488 -1.59443458 -0.07764079  0.81076325  0.89654297  0.
  0.          0.          0.          0.          0.          0.        ]
[ 0.          0.61803126 -1.03156698 -1.17288554 -1.27701391  0.
  0.          1.03712106  0.          0.          0.          0.
  0.          0.          0.          0.          0.          0.
  0.834435    0.         -1.5236572  -2.13784409 -1.31381245 -0.65856689
  1.13261914  1.15253739  1.0351733   0.          0.          0.
  0.          0.          0.          0.         -2.52440715 -2.5404505
 -1.48829854 -1.11793117  1.10187741  0.84123363  0.          0.
  0.          0.          1.13793173  1.17346124  1.16479242 -1.14761198
 -1.59895739 -1.56314558 -1.60333991  1.13488042  0.          0.
  0.          0.          0.          0.          0.          0.        ]
[ 0.          0.          1.20847476  0.78911944 -1.15976938  0.
 -1.16629326  0.          0.          0.          0.          0.
  0.          0.          0.          0.          0.          0.
  1.27954169  1.28696835 -2.22518253 -2.22032881 -1.55427963 -0.87897855
  1.2770865   1.18584073  0.          0.          0.          0.
  0.          0.          0.          0.         -1.74836719 -2.68278408
 -1.18297762 -1.12066734 -1.01454195  0.          0.          0.
  0.          0.          0.          1.27589103 -0.72310346 -0.40367657
 -1.58816049 -1.53966753 -1.02933079  1.22397923  0.          0.
  0.          0.          0.          0.          0.          0.        ]
[ 0.          0.          1.34404492 -0.54892592 -1.08683942 -1.10675472
 -0.90094197  0.          0.          0.          0.          0.
  0.          0.          0.          0.          0.          0.
  0.          0.72304207 -1.27644749 -2.3184309  -2.09641063  1.40463877
  1.25532651  0.          0.          0.          0.          0.
  0.          0.          0.          1.44171476  0.188577   -1.52584386
 -2.60717773 -1.26343095  0.          0.          0.          0.
  0.          0.          0.          1.16098017  1.38418849  1.41561103
 -1.29082584 -1.4868778   0.8281621   0.72821271  0.          0.
  0.          0.          0.          0.          0.          0.        ]
[ 0.          0.          1.34373224  0.32765268  0.32897732 -0.3216995
  0.2018758   0.          0.          0.          0.          0.
  0.          0.          0.          0.          0.          0.
  0.          1.498788    1.51172227 -2.35483497 -2.48706937  1.34566537
  1.37272112  0.          0.          0.          0.          0.
  0.          0.          0.          0.         -1.4100197  -2.88582406
 -2.93628955  0.          0.          0.          0.          0.
  0.          0.          0.          1.10323334  1.33920133  0.
 -1.58756375 -1.46240199  1.4537487   1.3431883   0.          0.
  0.          0.          0.          0.          0.          0.        ]
[ 0.          0.          1.69155502  1.59086657 -0.12506576 -0.11002239
  1.57853663  0.          0.          0.          0.          0.
  0.          0.          0.          0.          0.          0.
  0.          1.70637727 -2.41055322 -1.42546713  1.69395065  1.68972027
  0.          0.          0.          0.          0.          0.
  0.          0.          0.          0.          0.31295869 -3.08649135
 -1.44202721  1.73999786  1.75003275  0.          0.          0.
  0.          0.          0.          0.          0.85380834  0.89471507
 -1.58132124 -1.42124453 -1.43784064  0.          0.          0.
  0.          0.          0.          0.          0.          0.        ]
[ 0.          0.          1.74781537  1.74990773 -0.77326282  0.23203875
  0.          0.          0.          0.          0.          0.
  0.          0.          0.          0.          0.          0.
  0.          1.52708161  0.         -1.74758044 -1.1791169   1.84591877
  0.          0.          0.          0.          0.          0.
  0.          0.          0.          0.          0.28752034 -3.266855
  0.          1.8649689   1.78252578  0.          0.          0.
  0.          0.          0.          0.          1.85230152  1.86134863
  1.85579479 -1.4783287   0.15141861  0.          0.          0.
  0.          0.          0.          0.          0.          0.        ]
[ 0.          0.          0.          1.92710268  0.          0.86929767
  0.          0.          0.          0.          0.          0.
  0.          0.          0.          0.          0.          0.
  0.          1.83031571 -2.48159122 -2.50346541  1.89310956  1.8777107
  0.          0.          0.          0.          0.          0.
  0.          0.          0.          0.         -2.25744462 -3.30296795
  0.78957826  2.02261925  0.          0.          0.          0.
  0.          0.          0.          0.          0.          1.96902978
 -0.4455449  -1.35101414 -1.36358887  0.          0.          0.
  0.          0.          0.          0.          0.          0.        ]
[ 0.          0.          0.         -0.52818838 -0.5481708   0.13687392
  0.          0.          0.          0.          0.          0.
  0.          0.          0.          0.          0.          0.
  0.          2.12874913  2.12896574  2.10873985  2.12419415  0.
  0.          0.          0.          0.          0.          0.
  0.          0.          0.          0.          0.         -3.50731921
  2.16573811  0.          0.          0.          0.          0.
  0.          0.          0.          0.          0.          2.11703372
  1.47067273 -1.44410527  2.04139972  0.          0.          0.
  0.          0.          0.          0.          0.          0.        ]
[ 0.          0.          0.          2.21078622 -0.57427225  0.
  0.          0.          0.          0.          0.          0.
  0.          0.          0.          0.          0.          0.
  0.          1.89395356  2.14176846  2.18434167  2.19477868  0.
  0.          0.          0.          0.          0.          0.
  0.          0.          0.          0.          0.86910178  0.
  0.          0.          0.          0.          0.          0.
  0.          0.          0.          0.          0.          2.20288062
  2.25599957 -0.59623057  2.22896957  0.          0.          0.
  0.          0.          0.          0.          0.          0.        ]
[ 0.          0.          0.          1.13463891  0.          0.
  0.          0.          0.          0.          0.          0.
  0.          0.          0.          0.          0.          0.
  0.          1.70492303  0.          2.39968967  1.68255866  0.
  0.          0.          0.          0.          0.          0.
  0.          0.          0.          0.         -2.15754771 -2.80184364
  2.43026257  0.          0.          0.          0.          0.
  0.          0.          0.          0.          0.          0.
  2.37576318 -0.61088347  2.37456012  0.          0.          0.
  0.          0.          0.          0.          0.          0.        ]
[ 0.          0.          0.          0.          2.4709053   2.45960629
  0.          0.          0.          0.          0.          0.
  0.          0.          0.          0.          0.          0.
  0.          0.46349669  0.          2.42532444  2.47276497  0.
  0.          0.          0.          0.          0.          0.
  0.          0.          0.          0.          0.48962504 -3.00234532
  2.49732924  0.          0.          0.          0.          0.
  0.          0.          0.          0.          0.          0.
  2.0598011   0.          2.47061872  0.          0.          0.
  0.          0.          0.          0.          0.          0.        ]
[ 0.          0.          0.          0.          2.56448317  2.5823493
  0.          0.          0.          0.          0.          0.
  0.          0.          0.          0.          0.          0.
  0.         -1.96189845  2.63946366 -2.0013628   2.33801913  0.
  0.          0.          0.          0.          0.          0.
  0.          0.          0.          0.          0.98011476  0.
  2.71563482  0.          0.          0.          0.          0.
  0.          0.          0.          0.          0.          0.
  2.67687058 -1.23956168  0.44934753  0.          0.          0.
  0.          0.          0.          0.          0.          0.        ]
[ 0.          0.          0.          0.          2.74245954  2.22930086
  0.          0.          0.          0.          0.          0.
  0.          0.          0.          0.          0.          0.
  0.         -1.28636014  0.          2.81970453  2.33652663  0.
  0.          0.          0.          0.          0.          0.
  0.          0.          0.          0.          0.          0.
  1.93316138  0.          0.          0.          0.          0.
  0.          0.          0.          0.          0.          0.
  2.25658131  0.          2.71376443  0.          0.          0.
  0.          0.          0.          0.          0.          0.        ]
[ 0.          0.          0.          1.43264806  1.41451514  0.
  0.          0.          0.          0.          0.          0.
  0.          0.          0.          0.          0.          0.
  0.          2.00765204  0.          2.92490149 -0.34804136  0.
  0.          0.          0.          0.          0.          0.
  0.          0.          0.          0.          0.          0.
  0.          0.          0.          0.          0.          0.
  0.          0.          0.          0.          0.          0.
  2.89321327  2.89801812  0.          0.          0.          0.
  0.          0.          0.          0.          0.          0.        ]
