[ 0.         -0.90657946  0.          0.          0.          0.
 -1.730577   -1.71902342  0.         -1.70719275 -1.71455046  0.
  0.         -1.70083631 -1.69982353 -1.70113048  0.          0.
  0.          0.          0.          0.         -0.53694339  0.
  0.          0.          0.          0.          0.          0.
  0.          0.          0.          0.          0.          0.
  0.          0.          0.         -0.57040246  0.          0.
  0.          0.         -1.74104469 -1.73552698  0.         -1.71723809
  0.          0.          0.          0.          0.         -0.74884498
  0.          0.          0.          0.         -0.92900205  0.        ]
[-1.56560163 -1.52865909 -0.60362689 -0.77967407 -0.34657799 -1.46069736
 -1.49679436 -1.5405574  -1.58097178 -1.65099458 -1.66132243 -1.6523772
 -1.64015243 -1.63666572 -1.63533088 -1.65273319 -1.66512999 -1.67497077
 -1.69129708 -1.70913821 -1.71239502 -1.72832453 -1.74909348 -1.75298646
 -1.76623343 -1.77138203 -1.79339603 -1.87985748 -1.83781209 -1.80303409
 -1.80458184 -1.80317442 -1.80674981 -1.81277153 -1.80616832 -1.82385812
 -1.84033033 -1.84685046 -1.82068637 -0.56422991 -0.65916604 -0.94220576
 -1.66463244  0.27901222  0.27498689  0.29377635  0.30184566  0.34141905
  0.29518413 -0.85607604 -0.8541032  -0.66732189 -0.1497046  -0.15809284
 -1.66951424 -1.64071551 -1.63943409 -1.64324009 -1.65168871 -1.61750511]
[ 0.36992679  0.6135873   0.60005865  0.32481038  0.37815145  0.60316229
  0.32485462 -0.13055438 -0.14357828 -0.62591679 -1.59623525 -1.57788315
 -1.56762521 -1.59923642 -1.64274386 -1.69254169 -0.66172766  0.34652108
 -1.73955026 -1.7750497  -1.82085282 -1.86108823 -1.87834336 -1.90034032
 -1.91989478 -1.93344855 -1.93487346 -1.91521727 -0.714143   -0.67085215
 -0.71544083 -1.32618356 -0.86327264 -1.88507124 -1.88353313 -1.88510655
 -1.90375686 -1.90141015 -1.00010526 -0.56565978 -0.41526631 -1.69068582
  0.59808129  0.51499001  0.          0.37837148  0.48092956  0.36677684
  0.30744153  0.59318159  0.59627765  0.24554306 -0.117711   -0.12649574
 -1.61723782 -1.59166267 -0.70078982 -0.12828951 -0.173514    0.61300683]
[ 0.68232928  0.64992082  0.724639    0.          0.          0.64932412
  0.67771299 -1.23485016  0.         -0.83830982 -1.5108915  -1.50998318
 -1.54324004 -1.10558021 -0.22208659 -0.35361085 -0.30824491 -0.30594308
 -0.85974276  0.70750724  0.67803079  0.6619796  -2.01955104 -2.02946085
 -2.1106082   0.67301206  0.64378371  0.69036806  0.70588535 -0.6216697
 -0.91766387  0.67485037  0.43758953 -1.2741316  -1.92477429 -2.03833133
 -2.01157435 -2.01719517 -1.80270153  0.63191675  0.61092634  0.69068516
  0.63033786  0.          0.          0.          0.          0.
  0.63259975  0.67230475  0.26358699  0.64525212  0.74238738 -1.64164571
 -1.55842219 -1.53592362  0.69425499  0.70754065  0.67446161  0.70426979]
[ 0.          0.          0.          0.          0.          0.
  0.73378236  0.75761165  0.         -1.47462618 -1.45385822 -1.46355242
 -1.55145359 -0.57831711  0.85859364 -0.26549582  0.73950348  0.72622794
  0.7848658   0.76259696  0.572119   -0.31307344 -2.152159   -2.15530839
 -2.24144809 -0.81044447 -0.78469384  0.7562573   0.66697482  0.81115489
  0.73457187  0.79379148  0.66858175 -0.67356659 -0.7245743  -2.16761088
 -2.12885913 -2.1077284  -2.1343361  -0.25058762  0.73373004  0.76837933
  0.          0.          0.          0.          0.          0.
  0.          0.         -0.33295509  0.66872072  0.79478675  0.7141574
 -1.50067498  0.73461703  0.81627885  0.          0.71663372  0.65847611]
[ 0.          0.          0.          0.          0.          0.
  0.          0.87799659  0.16628931 -0.47651741 -1.42069493 -1.46405574
 -0.58637925 -0.2761471  -0.23812034  0.92518812  0.79116036  0.
  0.         -0.84022439  0.91837108  0.78134418 -2.19369278 -2.26252776
 -0.95945534 -0.98142723  0.97858524  0.          0.          0.
  0.          0.83227785  0.92427626  0.         -1.19985008 -1.8458401
 -2.226523   -2.17086488 -2.19842137  0.          0.84128965  0.
  0.          0.          0.          0.          0.          0.
  0.          0.          0.         -1.07958043  0.         -1.54437612
 -1.44436786 -0.44646013  0.9115051   0.84123245  0.8082024   0.        ]
[ 0.          0.          0.          0.          0.          0.
  0.          1.13312471  1.08003676 -0.86210573 -1.38764875 -1.27261827
 -1.25568058  0.          1.13026971  0.86831319  0.          0.
  0.          0.         -0.53909492  0.85712683 -0.81960718 -2.39042096
 -1.51007205 -0.7467857   0.90246809  0.          0.          0.
  0.          0.         -0.45342821  1.1378209   1.01891565 -0.99865103
 -1.22482548 -2.26805472 -2.27998704 -0.99185207  1.08509642  0.
  0.          0.          0.          0.          0.          0.
  0.          0.          0.          0.          0.         -1.45277206
 -1.37389868 -1.37225282 -1.19928666  0.82128745  0.1668909   0.        ]
[ 0.          0.          0.          0.          0.          0.
  0.         -0.04076011  0.         -1.34928254 -1.346486    0.14079777
  1.19305342  1.25725583  1.16964797  0.          0.          0.
  0.          0.          0.          0.65539473 -2.4184411  -2.5387241
 -1.37349284 -1.24001539  0.          0.          0.          0.
  0.          0.          0.          1.14699966  1.26042008  1.26669723
 -1.10597301 -2.3513339  -2.35317212  0.         -0.2441742   0.
  0.          0.          0.          0.          0.          0.
  0.          0.          0.          0.          0.66192836 -1.33069408
 -1.31534517 -1.31333733 -0.23384582  0.          0.          0.        ]
[ 0.          0.          0.          0.          0.          0.
  0.          1.27758149  1.38906801 -1.3096928  -1.31998682 -0.54129875
  1.27664214  1.37999117  0.          0.          0.          0.
  0.          0.          0.          1.3408523   1.19800812 -1.19849178
 -1.26839018 -1.23296025  0.          0.          0.          0.
  0.          0.          0.          0.29370472  0.91886383  1.27678621
 -2.58738768 -2.42185044 -2.33103514  1.3210367   1.29503679  0.
  0.          0.          0.          0.          0.          0.
  0.          0.          0.          0.          1.41066074 -0.30356116
 -1.27763355 -1.25723755  1.30398047  0.          0.          0.        ]
[ 0.          0.          0.          0.          0.          0.
  0.          0.          1.49286997 -1.24771357 -1.25373089  1.37151094
  1.45774806  0.          0.          0.          0.          0.
  0.          0.          0.          1.41582131 -0.35334328 -1.2110221
 -1.75836468 -1.79500055  0.          0.          0.          0.
  0.          0.          0.          0.         -0.22301423 -0.14017662
 -2.65413817 -2.51976055 -2.49610877  0.          0.28703701  0.
  0.          0.          0.          0.          0.          0.
  0.          0.          0.          0.          0.80643239  0.14451051
 -1.20962679  0.80446991  0.81114239  0.          0.          0.        ]
[ 0.          0.          0.          0.          0.          0.
  0.          0.          1.59260124 -0.89804673 -1.18604767  0.
  0.          0.          0.          0.          0.          0.
  0.          0.          0.          1.32456315  1.65757585 -2.84845249
 -1.47964901  1.64403749  1.65951674  0.          0.          0.
  0.          0.          0.          0.          0.          1.66187239
  1.64560807  1.64635273 -2.59687845  0.          0.          0.
  0.          0.          0.          0.          0.          0.
  0.          0.          0.          0.          0.85724479  0.33239555
  0.34026319  1.61282969  0.          0.          0.          0.        ]
[ 0.          0.          0.          0.          0.          0.
  0.          0.          1.7842747   0.          0.10814102  1.74849665
  1.758865    0.          0.          0.          0.          0.
  0.          0.          0.          0.          1.79421222 -2.96013212
 -2.42377031  1.77675295 -0.78328061  0.          0.          0.
  0.          0.          0.          0.          1.31072861  1.69956991
  1.79019427 -1.35338056 -2.64609294  1.77107775  0.          0.
  0.          0.          0.          0.          0.          0.
  0.          0.          0.          0.          1.20911723 -1.04478642
 -0.16917294  1.75356531  1.43475521  0.          0.          0.        ]
[ 0.          0.          0.          0.          0.          0.
  0.          0.          1.86338568 -1.07474247  0.33933836  1.89948821
  0.          0.          0.          0.          0.          0.
  0.          0.          0.          0.          1.90036523  0.
 -1.47864252  1.86825931  0.          0.          0.          0.
  0.          0.          0.          0.          0.         -0.22164857
  1.8823247   1.90982962  1.91205323  1.91203439  0.          0.
  0.          0.          0.          0.          0.          0.
  0.          0.          0.          0.          1.32815305 -0.19226356
  0.85296962  0.72258687  0.          0.          0.          0.        ]
[ 0.          0.          0.          0.          0.          0.
  0.          0.          2.08073783 -0.98686689 -0.2534484   2.06544971
  0.          0.          0.          0.          0.          0.
  0.          0.          0.          0.         -1.87467498 -3.23366785
 -2.15739226  2.06586242  0.          0.          0.          0.
  0.          0.          0.          0.          0.         -1.86218011
  2.05019736  2.05139089  0.          0.          0.          0.
  0.          0.          0.          0.          0.          0.
  0.          0.          0.          0.          0.         -0.93874353
  1.7360332   2.07915735  0.          0.          0.          0.        ]
[ 0.          0.          0.          0.          0.          0.
  0.          0.          2.19624567  0.          2.20510006  2.08619642
  0.          0.          0.          0.          0.          0.
  0.          0.          0.          0.          0.         -0.66950417
 -3.33161676  0.          0.          0.          0.          0.
  0.          0.          0.          0.          0.         -1.33013046
  2.1744206   2.14497125  0.         -0.12712637  0.          0.
  0.          0.          0.          0.          0.          0.
  0.          0.          0.          0.          0.         -0.25432742
  0.          0.          0.          0.          0.          0.        ]
[ 0.          0.          0.          0.          0.          0.
  0.          0.          2.29702139  0.23070802  0.36937919  2.32235694
  0.          0.          0.          0.          0.          0.
  0.          0.          0.          0.          2.32217288 -1.75348806
  2.31767178  2.31316042  0.          0.          0.          0.
  0.          0.          0.          0.          0.          0.
  1.29887211  0.          2.30671477  2.26589251  0.          0.
  0.          0.          0.          0.          0.          0.
  0.          0.          0.          0.          0.          0.
  0.          0.          0.          0.          0.          0.        ]
[ 0.          0.          0.          0.          0.          0.
  0.          0.          2.38499093  0.          2.4455204   2.47249436
  0.          0.          0.          0.          0.          0.
  0.          0.          0.          0.          2.45596361  0.8404997
  2.410074    0.          0.          0.          0.          0.
  0.          0.          0.          0.          0.          0.
 -0.80750698  2.40773034  1.908499    0.          0.          0.
  0.          0.          0.          0.          0.          0.
  0.          0.          0.          0.          0.          2.49498129
  2.49305582  0.          0.          0.          0.          0.        ]
[ 0.          0.          0.          0.          0.          0.
  0.          0.          2.51739192  0.          2.60484576  2.53476501
  0.          0.          0.          0.          0.          0.
  0.          0.          0.          0.          0.86739665  1.22098708
  2.56348348  0.          0.          0.          0.          0.
  0.          0.          0.          0.          0.          0.
 -0.40835619  2.10223842  1.74067563  1.22836471  0.          0.
  0.          0.          0.          0.          0.          0.
  0.          0.          0.          0.          0.          2.58463109
  2.60955667  0.          0.          0.          0.          0.        ]
[ 0.          0.          0.          0.          0.          0.
  0.          0.          2.63601279 -0.39863914  2.67797065  0.
  0.          0.          0.          0.          0.          0.
  0.          0.          0.          0.          0.         -3.55198979
  2.14978147  0.          0.          0.          0.          0.
  0.          0.          0.          0.          0.          0.
  0.89725077  1.28190351 -3.17042947  0.          0.          0.
  0.          0.          0.          0.          0.          0.
  0.          0.          0.          0.          0.          0.95960033
  2.73726082  0.          0.          0.          0.          0.        ]
[ 0.          0.          0.          0.          0.          0.
  0.          0.          2.80686378  0.          2.795578    0.
  0.          0.          0.          0.          0.          0.
  0.          0.          0.          0.          0.          0.
 -0.45075268  0.          0.          0.          0.          0.
  0.          0.          0.          0.          0.          0.
  0.          0.38563925  0.          0.          0.          0.
  0.          0.          0.          0.          0.          0.
  0.          0.          0.          0.          0.          0.44102231
  0.          0.          0.          0.          0.          0.        ]
