[ 0.         -0.90889937  0.          0.          0.          0.
  0.         -1.12852334 -0.95545133 -0.88377722 -0.84386941 -0.80659263
 -0.58953863 -0.50142588 -0.39932706 -0.37434119  0.24780337  0.24334169
 -0.43761472 -0.47531072  0.32435986  0.31214225  0.28391585 -0.5326066
  0.26060034  0.          0.          0.          0.          0.
  0.          0.          0.          0.          0.         -1.73769708
  0.         -1.70527394  0.32035564 -1.64240652 -0.62304022 -0.53604346
 -1.56396656 -1.01786983 -1.56591765 -1.57397677  0.         -1.56910671
 -1.57850846 -1.6034095  -1.61973184 -1.61602223 -1.63563512 -1.59584236
 -0.69954789 -1.72096241  0.          0.         -0.92305195  0.        ]
[-1.6449811  -1.66497403 -1.7060138  -1.73689102 -1.75887457 -1.7641557
 -1.77309138 -1.77900507 -1.78555795 -1.53626175 -1.44427084  0.45318772
  0.45123632  0.4535094   0.25426257  0.41839486  0.44129252  0.45117912
 -0.8314845   0.4409342  -1.53146198 -1.67675953  0.45291251  0.44771448
  0.45049455 -1.07731153 -1.05225912 -1.26835686 -1.79494413 -1.77395271
 -1.7621897  -1.76143288 -1.75328054 -1.65058791 -1.57375641  0.46464273
  0.43226815  0.15704007  0.46860221  0.4293052   0.46104163  0.45447782
  0.4426024   0.46033499  0.45445616  0.45086238  0.45365777  0.45675563
  0.45236094  0.45222062 -1.26453398 -1.28863138 -1.30828122 -1.34769102
 -1.45564946 -1.48620291 -1.51953604 -1.61325913 -1.62775294 -1.63205411]
[-1.58498228 -1.64059056 -1.69496457 -1.71878678 -1.7353981  -1.74189226
  0.61641658  0.60381537  0.54713787  0.5337808   0.51898352  0.54013693
 -2.4913639   0.47810023  0.52456987 -0.20156905  0.47842071  0.50298056
  0.52045725  0.55695571  0.55776665  0.50589907  0.50646669  0.44124129
  0.29155999 -0.08489452 -0.46232468 -0.45786417 -0.90365136 -1.78794539
 -1.79346751 -0.1662102  -0.25297053 -0.42409038  0.5285023   0.49557403
  0.49221586  0.54747761  0.48233018  0.45941731  0.14322138  0.
  0.          0.          0.          0.          0.          0.
  0.          0.          0.47012194  0.4770037   0.49285844  0.53124292
  0.54381345  0.53341115  0.52087139 -1.39748257 -1.49185982 -1.56578894]
[-1.55033959 -1.62060729 -1.68402251 -1.70958206 -1.73667984  0.68992147
  0.64194468  0.51713905  0.          0.          0.          0.
  0.          0.         -1.51536024  0.          0.          0.60709013
  0.53923603  0.6258139   0.73632443  0.          0.          0.49440312
  0.68853247  0.66749571  0.5556969   0.         -1.8924528  -1.83383016
 -1.82781368  0.6725066   0.66874221  0.68868747  0.66311491 -0.66148418
 -1.27609265  0.          0.          0.          0.          0.
  0.          0.          0.          0.          0.          0.
  0.          0.          0.          0.          0.          0.
  0.65641648  0.73778337 -0.68742501 -0.80986265 -1.38540129 -1.51386031]
[-1.48924878 -1.59974686 -0.01022085  0.1490183   0.64629044  0.69850102
  0.          0.          0.          0.          0.          0.
  0.         -0.68503255 -1.07492518  0.17274595 -0.0280494  -0.03526559
  0.17394158  0.          0.          0.          0.          0.
  0.74175215  0.68835211  0.84987843  0.         -1.98057703 -1.87174797
 -1.81589469 -1.80005902  0.5391279   0.77282709  0.6988806   0.
  0.          0.          0.          0.          0.          0.
  0.          0.          0.          0.          0.          0.
  0.          0.          0.          0.          0.          0.
  0.          0.81855226  0.83999899 -0.48619823 -0.03140064 -0.35487692]
[-0.5286929  -0.41278028  0.95707852  0.93196923 -0.07587377  0.
  0.          0.          0.          0.          0.          0.
  0.         -0.34619533  0.         -3.04259062 -2.35007358  0.69611931
  0.          0.          0.          0.          0.          0.
  0.          0.          0.          0.         -1.95769009 -1.86202117
 -1.78020597 -1.76917171  0.          0.          0.          0.
  0.          0.          0.          0.          0.          0.
  0.          0.          0.          0.          0.          0.
  0.          0.          0.          0.          0.          0.
  0.          0.          1.01539338  0.9192037   0.17168496  0.02995331]
[-0.13200534  1.06187844  1.06974709  1.13548827 -0.17902009  0.
  0.          0.          0.          0.          0.          0.
  0.         -3.43600261 -3.08818364 -3.17543399  0.          0.30149257
  0.          0.          0.          0.          0.          0.
  0.          0.          0.          0.         -1.98233318 -1.85665262
 -1.80440732 -1.7903876   0.          0.          0.          0.
  0.          0.          0.          0.          0.          0.
  0.          0.          0.          0.          0.          0.
  0.          0.          0.          0.          0.          0.
  0.          0.          1.07336569  1.06935263 -1.15642101 -1.34405315]
[-1.40299052  0.53043365  0.84801179  1.23766255  1.2016464   0.
  0.          0.          0.          0.          0.          0.
  0.         -0.44564185  0.         -3.4561367   0.          0.
  0.          0.          0.          0.          0.          0.
  0.          0.         -1.11115897 -0.91127303  0.98197287 -2.09080243
 -1.94085664 -1.88408232 -0.42153117  0.          0.          0.
  0.          0.          0.          0.          0.          0.
  0.          0.          0.          0.          0.          0.
  0.          0.          0.          0.          0.          0.
  0.          0.          0.          1.24527574 -0.03394291 -1.29755577]
[-1.36766656  1.41749066  0.          0.          0.          0.
  0.          0.          0.          0.          0.          0.
  1.33243036  1.40790606  0.         -2.08720088  1.35097539  0.
  0.          0.          0.          0.          0.          0.
  0.          0.          1.41609251  1.20888969  1.28611076  1.13319159
 -2.08266973  1.16353607  1.4279668   1.45150572  1.15445901  0.
  0.          0.          0.          0.          0.          0.
  0.          0.          0.          0.          0.          0.
  0.          0.          0.          0.          0.          0.
  0.          0.          0.          0.15511913  0.31709358 -1.17806164]
[-1.28799808  1.43348134  0.          0.          0.          0.
  0.          0.          0.          0.          0.          0.
  0.          1.14621919  0.          0.          0.          0.
  0.          0.          0.          0.          0.          0.
  0.          1.47177911  1.46442461  0.          1.54253608 -0.82492799
 -2.05919468  1.12990296  0.68600264  1.46683496  1.49391353  0.
  0.          0.          0.          0.          0.          0.
  0.          0.          0.          0.          0.          0.
  0.          0.          0.          0.          0.          0.
  0.          0.          0.          1.49814677  1.52173475 -1.18531218]
[ 0.          0.          0.          0.          0.          0.
  0.          0.          0.          0.          0.          0.
  0.          0.          0.          0.          0.          0.
  0.          0.          0.          0.          0.          0.
  0.          0.          0.          0.          1.64338851 -0.11789565
 -0.88817933  1.67533994  0.          0.          0.          0.
  0.          0.          0.          0.          0.          0.
  0.          0.          0.          0.          0.          0.
  0.          0.          0.          0.          0.          0.
  0.          0.          0.          0.27082781  0.71861711 -1.08973134]
[ 1.79408777  1.82444763  0.          0.          0.          0.
  0.          0.          0.          0.          0.          0.
  0.          1.77256775  0.          0.          0.          0.
  0.          0.          0.          0.          0.          0.
  0.          0.          0.          0.          0.         -0.71361943
 -1.28857791  1.58500177  0.          0.          0.          0.
  0.          0.          0.          0.          0.          0.
  0.          0.          0.          0.          0.          0.
  0.          0.          0.          0.          0.          0.
  0.          0.          0.          0.          0.          1.82946205]
[ 1.87133706  1.93053949  0.          0.          0.          0.
  0.          0.          0.          0.          0.          0.
  0.          0.          0.          0.          0.          0.
  0.          0.          0.          0.          0.          0.
  0.          0.          0.          0.          0.         -1.78534859
 -1.33839142 -1.65921295  0.          0.          0.          0.
  0.          0.          0.          0.          0.          0.
  0.          0.          0.          0.          0.          0.
  0.          0.          0.          0.          0.          0.
  0.          0.          0.          0.          0.          1.93992603]
[ 2.03132558  2.0755713   0.          0.          0.          0.
  0.          0.          0.          0.          0.          0.
  0.          0.          0.          0.          0.          0.
  0.          0.          0.          0.          0.          0.
  0.          0.          0.          0.          2.02427292  1.96736562
 -0.90428883  0.          0.          0.          0.          0.
  0.          0.          0.          0.          0.          0.
  0.          0.          0.          0.          0.          0.
  0.          0.          0.          0.          0.          0.
  0.          0.          0.          0.         -0.89938831  0.38294318]
[ 0.          0.          0.          0.          0.          0.
  0.          0.          0.          0.          0.          0.
  0.          0.          0.          0.          0.          0.
  0.          0.          0.          0.          0.          0.
  0.          0.          0.          0.          2.20163536 -1.27665043
 -1.67086506  0.          0.          0.          0.          0.
  0.          0.          0.          0.          0.          0.
  0.          0.          0.          0.          0.          0.
  0.          0.          0.          0.          0.          0.
  0.          0.          0.          0.          0.39448582  0.25341784]
[ 0.          0.          0.          0.          0.          0.
  0.          0.          0.          0.          0.          0.
  0.          0.          0.          0.          0.          0.
  0.          0.          0.          0.          0.          0.
  0.          0.          0.          0.          2.33916283  0.39537308
 -1.10906261  2.35287189  0.          0.          0.          0.
  0.          0.          0.          0.          0.          0.
  0.          0.          0.          0.          0.          0.
  0.          0.          0.          0.          0.          0.
  0.          0.          0.          0.          0.11009657  1.16991055]
[ 0.          0.          0.          0.          0.          0.
  0.          0.          0.          0.          0.          0.
  0.          0.          0.          0.          0.          0.
  0.          0.          0.          0.          0.          0.
  0.          0.          0.          0.          2.40795064  2.49252415
 -1.91658497  2.45226645  0.          0.          0.          0.
  0.          0.          0.          0.          0.          0.
  0.          0.          0.          0.          0.          0.
  0.          0.          0.          0.          0.          0.
  0.          0.          0.          0.          0.89093253  2.49690652]
[ 0.          0.          0.          0.          0.          0.
  0.          0.          0.          0.          0.          0.
  0.          0.          0.          0.          0.          0.
  0.          0.          0.          0.          0.          0.
  0.          0.          0.          0.          0.          2.59405231
 -0.79176384  2.64320874  0.          0.          0.          0.
  0.          0.          0.          0.          0.          0.
  0.          0.          0.          0.          0.          0.
  0.          0.          0.          0.          0.          0.
  0.          0.          0.          0.          1.25796562  2.59691501]
[ 0.          0.          0.          0.          0.          0.
  0.          0.          0.          0.          0.          0.
  0.          0.          0.          0.          0.          0.
  0.          0.          0.          0.          0.          0.
  0.          0.          0.          0.          0.          0.
 -1.7334156   2.78853464  0.          0.          0.          0.
  0.          0.          0.          0.          0.          0.
  0.          0.          0.          0.          0.          0.
  0.          0.          0.          0.          0.          0.
  0.          0.          0.          0.          2.76914597  0.        ]
[0.         0.         0.         0.         0.         0.
 0.         0.         0.         0.         0.         0.
 0.         0.         0.         0.         0.         0.
 0.         0.         0.         0.         0.         0.
 0.         0.         0.         0.         0.         2.88858151
 0.         0.         0.         0.         0.         0.
 0.         0.         0.         0.         0.         0.
 0.         0.         0.         0.         0.         0.
 0.         0.         0.         0.         0.         0.
 0.         0.         0.         0.         2.78516269 0.        ]
