(222, 171)
(223, 171)
(224, 171)
(225, 170)
(226, 175)
(227, 176)
(228, 176)
(254, 202)
(255, 204)
(256, 204)
(257, 204)
(258, 206)
(259, 206)
(260, 209)
(261, 210)
(262, 210)
(263, 212)
(264, 213)
(265, 212)
(266, 212)
(267, 214)
(268, 214)
(269, 218)
(270, 219)
(271, 220)
(272, 220)
(273, 220)
(274, 223)
(275, 224)
(276, 225)
(277, 226)
(278, 227)
(279, 226)
(280, 229)
(281, 229)
(282, 229)
(288, 189)
(294, 182)
(296, 197)
(297, 198)
(298, 198)
(299, 200)
(300, 200)
(301, 211)
(302, 211)
(303, 211)
(304, 212)
(305, 212)
(306, 214)
(307, 214)
(308, 214)
(309, 214)
(310, 214)
(311, 214)
(312, 214)
(313, 214)
(314, 214)
(315, 217)
(316, 217)
(317, 217)
(318, 216)
(319, 224)
(320, 171)
(321, 171)
(322, 170)
(323, 170)
(324, 265)
(325, 265)
(326, 265)
(327, 265)
(328, 178)
(329, 211)
(330, 179)
(331, 181)
(332, 258)
(333, 181)
(334, 181)
(335, 206)
(336, 206)
(337, 206)
(338, 185)
(339, 204)
(340, 204)
(341, 223)
(342, 223)
(343, 230)
(344, 239)
(345, 238)
(346, 187)
(347, 229)
(348, 217)
(349, 216)
(350, 218)
(351, 216)
(352, 216)
(353, 230)
(354, 230)
(355, 230)
(356, 206)
(357, 206)
(358, 206)
(359, 208)
(360, 208)
(361, 209)
(362, 210)
(363, 211)
(364, 211)
(365, 213)
(366, 213)
(367, 213)
(368, 214)
(369, 214)
(370, 214)
(371, 217)
(372, 217)
(373, 217)
(374, 218)
(375, 218)
(376, 214)
(377, 214)
(378, 222)
(379, 222)
(380, 222)
(381, 315)
(382, 223)
(383, 224)
(384, 224)
(385, 224)
(386, 320)
(387, 271)
(388, 315)
(389, 271)
(390, 320)
(391, 271)
(392, 320)
(393, 320)
(394, 320)
(395, 275)
(464, 236)
(532, 432)
(537, 427)
(539, 427)
(567, 281)
(568, 280)
(569, 280)
(570, 280)
(571, 280)
(572, 280)
(573, 280)
(574, 264)
(575, 275)
(576, 270)
(577, 266)
(578, 223)
(579, 224)
(580, 322)
(581, 315)
(582, 315)
(583, 315)
(584, 315)
(585, 276)
(586, 312)
(587, 312)
(588, 235)
(589, 280)
(590, 280)
(591, 281)
(592, 281)
(593, 229)
(594, 230)
(595, 230)
(596, 254)
(597, 254)
(598, 254)
(599, 257)
(600, 232)
(601, 258)
(602, 258)
(603, 258)
(604, 232)
(605, 263)
(606, 263)
(607, 263)
(608, 263)
(609, 263)
(610, 263)
(611, 273)
(612, 276)
(613, 276)
(614, 264)
(615, 279)
(617, 278)
(618, 281)
(619, 282)
(620, 282)
(621, 285)
(622, 287)
(623, 282)
(624, 287)
(626, 277)
(627, 287)
(628, 294)
(629, 294)
(630, 296)
(631, 294)
(633, 254)
(634, 258)
(635, 258)
(636, 258)
(637, 258)
(638, 259)
(639, 259)
(640, 262)
(641, 263)
(642, 263)
(643, 266)
(644, 269)
(645, 263)
(646, 263)
(647, 262)
(648, 263)
(649, 266)
(650, 268)
(651, 275)
(652, 275)
(653, 278)
(654, 280)
(655, 280)
(656, 279)
(657, 280)
(658, 241)
(659, 241)
(660, 285)
(661, 243)
(662, 246)
(663, 186)
(664, 186)
(665, 251)
(666, 294)
(667, 252)
(668, 254)
(669, 254)
(670, 254)
(671, 254)
(672, 601)
(673, 258)
(674, 259)
(675, 258)
(676, 263)
(677, 263)
(678, 263)
(679, 263)
(680, 263)
(681, 263)
(682, 263)
(683, 263)
(684, 272)
(685, 272)
(686, 268)
(687, 275)
(688, 275)
(689, 276)
(690, 278)
(691, 280)
(692, 280)
(693, 280)
(694, 280)
(695, 279)
(696, 623)
(697, 623)
(698, 284)
(699, 284)
(700, 284)
(701, 288)
(702, 295)
(703, 295)
(704, 297)
(705, 298)
(706, 298)
(711, 260)
(712, 260)
(713, 260)
(714, 262)
(715, 262)
(716, 264)
(717, 264)
(718, 265)
(719, 268)
(720, 649)
(721, 270)
(722, 650)
(723, 650)
(724, 650)
(725, 650)
(726, 650)
(727, 651)
(728, 655)
(729, 279)
(730, 279)
(731, 657)
(732, 659)
(733, 659)
(734, 659)
(735, 659)
(736, 663)
(737, 663)
(738, 597)
(739, 597)
(740, 666)
(741, 666)
(742, 198)
(743, 200)
(744, 200)
(746, 206)
(747, 265)
(748, 266)
(749, 326)
(750, 315)
(751, 312)
(752, 315)
(753, 265)
(754, 265)
(755, 213)
(756, 213)
(757, 214)
(758, 215)
(759, 214)
(760, 215)
(761, 215)
(762, 314)
(763, 225)
(764, 265)
(765, 268)
(766, 268)
(767, 227)
(768, 270)
(769, 272)
(770, 272)
(771, 272)
(772, 687)
(773, 272)
(774, 687)
(775, 687)
(777, 162)
(779, 157)
(780, 157)
(782, 151)
(783, 149)
(784, 149)
(785, 149)
(786, 149)
(787, 149)
(788, 147)
(789, 147)
(790, 146)
(791, 146)
(792, 144)
(830, 65)
(831, 65)
(832, 67)
(834, 67)
(835, 67)
(836, 99)
(837, 94)
(838, 93)
(839, 93)
(840, 99)
(841, 100)
(842, 94)
(843, 94)
(844, 95)
(845, 95)
(846, 85)
(847, 85)
(848, 54)
(849, 100)
(850, 100)
(851, 90)
(852, 89)
(853, 57)
(854, 57)
(855, 468)
(856, 60)
(857, 471)
(858, 471)
(859, 472)
(860, 39)
(861, 471)
(862, 473)
(863, 473)
(864, 473)
(865, 39)
(866, 39)
(867, 39)
(868, 473)
(869, 40)
(870, 40)
(871, 40)
(872, 39)
(874, 476)
(875, 480)
(876, 480)
(877, 479)
(879, 828)
(880, 480)
(881, 829)
(882, 829)
(883, 832)
(884, 833)
(885, 833)
(886, 832)
(887, 836)
(888, 836)
(889, 836)
(890, 836)
(891, 836)
(892, 836)
(893, 836)
(900, 134)
(901, 136)
(904, 138)
(905, 141)
(906, 142)
(907, 141)
(909, 146)
(910, 788)
(911, 149)
(912, 149)
(913, 786)
(914, 787)
(915, 784)
(916, 783)
(917, 151)
(918, 156)
(919, 156)
(920, 156)
(921, 155)
(922, 161)
(923, 161)
(924, 161)
(925, 161)
(926, 771)
(927, 771)
(928, 266)
(929, 266)
(930, 750)
(931, 765)
(932, 755)
(933, 266)
(934, 760)
(935, 225)
(936, 758)
(937, 226)
(938, 226)
(939, 227)
(940, 227)
(941, 228)
(942, 724)
(943, 726)
(945, 276)
(946, 652)
(950, 730)
(951, 730)
(952, 240)
(953, 733)
(954, 238)
(955, 733)
(956, 734)
(957, 734)
(958, 733)
(959, 733)
(960, 737)
(961, 680)
(962, 743)
(963, 742)
(965, 683)
(967, 730)
(968, 300)
(969, 649)
(970, 650)
(971, 304)
(972, 305)
(973, 305)
(974, 306)
(975, 306)
(976, 306)
(977, 309)
(978, 310)
(979, 311)
(980, 311)
(981, 650)
(982, 650)
(983, 281)
(984, 281)
(985, 596)
(986, 639)
(987, 184)
(988, 639)
(989, 642)
(990, 642)
(991, 640)
(992, 642)
(993, 637)
(994, 737)
(995, 638)
(996, 640)
(997, 640)
(998, 640)
(999, 641)
(1000, 642)
(1001, 642)
(1002, 736)
(1003, 740)
(1004, 644)
(1005, 645)
(1006, 645)
(1007, 646)
(1008, 646)
(1009, 611)
(1010, 683)
(1011, 683)
(1012, 747)
(1013, 683)
(1014, 263)
(1015, 305)
(1016, 751)
(1017, 306)
(1018, 306)
(1019, 220)
(1020, 759)
(1021, 310)
(1022, 310)
(1023, 760)
(1024, 226)
(1025, 226)
(1026, 226)
(1027, 765)
(1028, 315)
(1029, 315)
(1030, 313)
(1031, 314)
(1032, 232)
(1033, 316)
(1034, 317)
(1035, 269)
(1036, 316)
(1037, 316)
(1038, 340)
(1039, 733)
(1040, 733)
(1041, 733)
(1042, 983)
(1043, 179)
(1044, 737)
(1045, 179)
(1046, 739)
(1047, 961)
(1048, 741)
(1049, 741)
(1050, 681)
(1051, 334)
(1052, 741)
(1053, 200)
(1054, 732)
(1055, 733)
(1056, 734)
(1057, 733)
(1058, 723)
(1059, 316)
(1060, 318)
(1061, 321)
(1062, 319)
(1063, 321)
(1064, 322)
(1065, 322)
(1066, 323)
(1067, 322)
(1068, 323)
(1069, 323)
(1070, 979)
(1071, 734)
(1072, 724)
(1073, 733)
(1074, 732)
(1075, 724)
(1076, 982)
(1077, 231)
(1078, 943)
(1079, 944)
(1080, 986)
(1081, 1002)
(1082, 960)
(1083, 1006)
(1084, 1008)
(1085, 1008)
(1086, 1010)
(1087, 1010)
(1088, 1011)
(1089, 614)
(1090, 1016)
(1091, 1015)
(1092, 1020)
(1093, 1019)
(1094, 1021)
(1095, 1021)
(1096, 1025)
(1097, 1025)
(1098, 754)
(1099, 749)
(1100, 749)
(1101, 981)
(1102, 303)
(1103, 1016)
(1104, 1042)
(1105, 982)
(1106, 1045)
(1107, 1056)
(1108, 1055)
(1109, 1058)
(1110, 586)
(1111, 586)
(1112, 586)
(1113, 586)
(1114, 1040)
(1115, 589)
(1116, 1056)
(1117, 723)
(1118, 730)
(1119, 309)
(1120, 650)
(1121, 614)
(1122, 1023)
(1123, 327)
(1124, 327)
(1125, 263)
(1126, 1040)
(1127, 681)
(1128, 263)
(1129, 1034)
(1130, 1078)
(1131, 1078)
(1132, 646)
(1133, 1035)
(1134, 1040)
(1135, 1035)
(1136, 1038)
(1137, 1033)
(1138, 1034)
(1139, 1031)
(1140, 1029)
(1141, 1028)
(1142, 1029)
(1143, 1029)
(1144, 218)
(1145, 1029)
(1146, 1027)
(1147, 1027)
(1148, 1027)
(1149, 1027)
(1150, 1027)
(1151, 1028)
(1152, 1027)
(1153, 1025)
(1154, 1025)
(1155, 1023)
(1156, 1025)
(1157, 1023)
(1158, 1021)
(1159, 214)
(1160, 214)
(1161, 214)
(1162, 214)
(1163, 214)
(1164, 321)
(1165, 756)
(1166, 174)
(1167, 757)
(1168, 1021)
(1270, 1100)
(1271, 724)
(1273, 863)
(1274, 868)
(1275, 869)
(1276, 867)
(1277, 869)
(1278, 869)
(1279, 869)
(1280, 869)
(1284, 720)
(1287, 719)
(1288, 681)
(1290, 681)
(1296, 537)
(1297, 540)
(1298, 537)
(1299, 536)
(1300, 537)
(1301, 540)
(1302, 541)
(1303, 540)
(1304, 541)
(1305, 540)
(1306, 541)
(1307, 540)
(1308, 545)
(1310, 545)
(1315, 556)
(1316, 556)
(1317, 553)
(1318, 553)
(1320, 564)
(1321, 564)
(1322, 566)
(1323, 565)
(1324, 567)
(1325, 567)
(1326, 567)
(1327, 569)
(1328, 569)
(1329, 571)
(1330, 571)
(1331, 572)
(1332, 574)
(1333, 575)
(1334, 576)
(1335, 577)
(1336, 578)
(1337, 579)
(1338, 579)
(1339, 581)
(1340, 582)
(1341, 583)
(1342, 584)
(1343, 585)
(1344, 586)
(1345, 587)
(1346, 588)
(1347, 589)
(1348, 590)
(1349, 591)
(1350, 592)
(1351, 593)
(1352, 594)
(1353, 595)
(1354, 596)
(1355, 598)
(1356, 599)
(1357, 600)
(1358, 601)
(1359, 602)
(1360, 603)
(1361, 604)
(1362, 605)
(1363, 606)
(1364, 607)
(1365, 608)
(1366, 609)
(1367, 610)
(1368, 611)
(1369, 612)
(1370, 613)
(1371, 614)
(1372, 615)
(1373, 617)
(1374, 618)
(1375, 619)
(1376, 620)
(1377, 621)
(1378, 622)
(1379, 623)
(1380, 624)
(1381, 625)
(1382, 626)
(1383, 627)
(1384, 628)
(1385, 629)
(1386, 630)
(1387, 631)
(1388, 632)
(1389, 633)
(1390, 634)
(1391, 635)
(1392, 637)
(1393, 638)
(1394, 639)
(1395, 640)
(1396, 641)
(1397, 642)
(1398, 643)
(1399, 644)
(1400, 645)
(1401, 646)
(1402, 647)
(1403, 648)
(1404, 649)
(1405, 651)
(1406, 652)
(1407, 653)
(1408, 654)
(1409, 655)
(1410, 656)
(1411, 657)
(1412, 658)
(1413, 659)
(1414, 660)
(1415, 662)
(1416, 663)
(1417, 664)
(1418, 665)
(1419, 666)
(1420, 667)
(1421, 668)
(1422, 669)
(1423, 670)
(1424, 671)
(1425, 673)
(1426, 674)
(1427, 675)
(1428, 676)
(1429, 677)
(1430, 678)
(1431, 679)
(1432, 680)
(1433, 681)
(1434, 683)
(1435, 684)
(1436, 685)
(1437, 686)
(1438, 687)
(1439, 688)
(1440, 689)
(1441, 690)
(1442, 691)
(1443, 692)
(1444, 693)
(1445, 695)
(1446, 696)
(1447, 697)
(1448, 698)
(1449, 700)
(1450, 700)
(1451, 702)
(1452, 703)
(1453, 704)
(1454, 705)
(1455, 706)
(1456, 708)
(1457, 709)
(1458, 710)
(1459, 711)
(1460, 712)
(1461, 713)
(1462, 714)
(1463, 716)
(1464, 717)
(1465, 718)
(1466, 719)
(1467, 720)
(1468, 722)
(1469, 723)
(1470, 724)
(1471, 725)
(1472, 726)
(1473, 727)
(1474, 728)
(1475, 730)
(1476, 731)
(1477, 732)
(1478, 733)
(1479, 734)
(1480, 735)
(1481, 736)
(1482, 738)
(1483, 739)
(1484, 740)
(1485, 741)
(1486, 742)
(1487, 743)
(1488, 744)
(1489, 745)
(1490, 746)
(1491, 747)
(1492, 749)
(1493, 749)
(1494, 750)
(1495, 752)
(1496, 753)
(1497, 754)
(1498, 755)
(1499, 756)
(1500, 757)
(1501, 758)
(1502, 759)
(1503, 760)
(1504, 761)
(1505, 762)
(1506, 763)
(1507, 765)
(1508, 765)
(1509, 766)
(1510, 768)
(1511, 769)
(1512, 770)
(1513, 925)
(1514, 772)
(1515, 778)
(1516, 774)
(1517, 774)
(1518, 776)
(1519, 779)
(1520, 781)
(1521, 779)
(1522, 781)
(1523, 781)
(1524, 781)
(1525, 783)
(1526, 785)
(1527, 785)
(1528, 786)
(1529, 786)
(1530, 786)
(1531, 787)
(1532, 791)
(1533, 791)
(1534, 791)
(1535, 791)
(1536, 791)
(1537, 791)
(1538, 791)
(1539, 791)
(1540, 794)
(1541, 794)
(1542, 794)
(1543, 795)
(1544, 795)
(1545, 795)
(1546, 797)
(1547, 798)
(1548, 797)
(1549, 800)
(1550, 800)
(1551, 800)
(1552, 800)
(1553, 802)
(1554, 802)
(1555, 802)
(1556, 802)
(1557, 804)
(1558, 804)
(1559, 804)
(1560, 804)
(1597, 331)
(1598, 331)
(1599, 1034)
(1600, 638)
(1601, 639)
(1602, 638)
(1603, 1039)
(1604, 1138)
(1605, 1138)
(1606, 1138)
(1607, 1034)
(1608, 1138)
(1609, 1139)
(1614, 979)
(1615, 979)
(1631, 602)
(1633, 1099)
(1634, 1474)
(1635, 1060)
(1636, 1472)
(1637, 274)
(1638, 1064)
(1639, 1063)
(1640, 269)
(1641, 1059)
(1642, 1060)
(1643, 614)
(1644, 263)
(1645, 1055)
(1647, 1054)
(1648, 1051)
(1649, 1001)
(1650, 1051)
(1651, 1050)
(1652, 1047)
(1653, 737)
(1654, 185)
(1655, 1041)
(1656, 1045)
(1657, 985)
(1658, 1056)
(1659, 1072)
(1660, 1059)
(1661, 1059)
(1662, 1068)
(1663, 1067)
(1664, 1065)
(1665, 1065)
(1666, 1064)
(1667, 1065)
(1668, 1064)
(1669, 1061)
(1670, 1064)
(1671, 1063)
(1672, 1064)
(1673, 265)
(1674, 1019)
(1675, 263)
(1676, 1006)
(1677, 1053)
(1678, 1004)
(1679, 1054)
(1680, 1053)
(1681, 1048)
(1682, 1051)
(1683, 1051)
(1684, 1035)
(1685, 734)
(1686, 733)
(1687, 733)
(1688, 1473)
(1689, 1041)
(1690, 1064)
(1691, 1064)
(1692, 1066)
(1693, 1064)
(1694, 1065)
(1695, 1065)
(1696, 1064)
(1697, 1063)
(1698, 1064)
(1699, 321)
(1700, 1033)
(1701, 732)
(1702, 1039)
(1703, 1039)
(1704, 1036)
(1705, 1113)
(1706, 1080)
(1707, 1481)
(1708, 1131)
(1709, 1042)
(1710, 734)
(1711, 733)
(1712, 1034)
(1713, 1661)
(1714, 1663)
(1715, 1663)
(1716, 1663)
(1717, 1664)
(1718, 1667)
(1719, 1668)
(1720, 1668)
(1721, 1669)
(1722, 1670)
(1723, 1670)
(1724, 1670)
(1725, 1670)
(1726, 1670)
(1727, 1673)
(1728, 1675)
(1729, 1127)
(1730, 1128)
(1731, 1129)
(1732, 1131)
(1733, 1129)
(1734, 1129)
(1735, 1129)
(1736, 1131)
(1737, 1680)
(1738, 1680)
(1739, 1138)
(1740, 1139)
(1741, 1140)
(1742, 1140)
(1743, 1145)
(1744, 1142)
(1745, 1145)
(1746, 1142)
(1747, 1695)
(1748, 1669)
(1749, 1669)
(1750, 1669)
(1751, 322)
(1752, 322)
(1753, 322)
(1754, 322)
(1755, 323)
(1756, 322)
(1757, 322)
(1758, 323)
(1759, 327)
(1760, 327)
(1761, 325)
(1762, 326)
(1763, 332)
(1764, 331)
(1765, 1711)
(1766, 1658)
(1767, 1134)
(1768, 1708)
(1769, 1708)
(1770, 1679)
(1771, 1708)
(1772, 1680)
(1773, 1679)
(1774, 1704)
(1775, 1676)
(1776, 1676)
(1777, 347)
(1778, 356)
(1779, 325)
(1780, 325)
(1781, 325)
(1782, 356)
(1783, 320)
(1784, 307)
(1785, 356)
(1786, 321)
(1787, 308)
(1788, 312)
(1789, 308)
(1790, 312)
(1791, 347)
(1792, 309)
(1793, 309)
(1794, 308)
(1795, 1080)
(1801, 1320)
(1807, 1128)
(1808, 1128)
(1809, 1128)
(1810, 1128)
(1842, 258)
(1843, 258)
(1844, 259)
(1845, 259)
(1846, 259)
(1847, 1776)
(1848, 259)
(1853, 264)
(1854, 1292)
(1855, 1399)
(1856, 1399)
(1857, 1399)
(1858, 268)
(1859, 681)
(1860, 268)
(1861, 269)
(1862, 269)
(1863, 269)
(1864, 1041)
(1865, 274)
(1866, 268)
(1867, 1401)
(1868, 1080)
(1870, 1675)
(1871, 464)
(1872, 464)
(1873, 464)
(1874, 1085)
(1875, 1086)
(1876, 1047)
(1877, 1045)
(1878, 1045)
(1879, 1042)
(1880, 1042)
(1881, 1677)
(1882, 466)
(1883, 464)
(1884, 1682)
(1885, 668)
(1886, 1683)
(1887, 1683)
(1888, 985)
(1890, 985)
(1900, 466)
(1901, 466)
(1903, 461)
(1904, 461)
(1905, 462)
(1932, 450)
(1933, 450)
(1936, 988)
(1938, 988)
(1939, 990)
(1944, 993)
(1945, 1873)
(1946, 1000)
(1949, 1875)
(1950, 1875)
(1952, 1875)
(1953, 1875)
(1959, 1875)
(1960, 1877)
(1961, 1876)
(1962, 1877)
(1963, 1428)
(1965, 1877)
(1966, 1877)
(1972, 1395)
(1974, 1900)
(2027, 1944)
(2029, 1947)
(2030, 1944)
(2034, 1951)
(2037, 1932)
(2038, 1933)
(2039, 1933)
(2043, 1939)
(2205, 1991)
(2206, 1840)
(2207, 1840)
(2210, 1903)
(2211, 1903)
(2232, 1933)
(2235, 2009)
(2236, 2009)
(2237, 2009)
(2238, 2008)
(2239, 2008)
(2240, 2008)
(2241, 2008)
(2242, 2008)
(2243, 2009)
(2244, 1946)
(2247, 1972)
(2248, 1951)
(2250, 1967)
(2261, 1952)
(2262, 1952)
(2263, 1952)
(2264, 1952)
(2265, 1952)
(2266, 1952)
(2364, 2313)
(2365, 2314)
(2366, 2315)
(2367, 2316)
(2368, 2317)
(2369, 2317)
(2370, 2317)
(2371, 2320)
(2372, 2321)
(2373, 2322)
(2374, 2322)
(2375, 2324)
(2376, 2325)
(2377, 2326)
(2378, 2327)
(2379, 2328)
(2380, 2329)
(2381, 2330)
(2382, 2331)
(2383, 2332)
(2384, 2333)
(2385, 2334)
(2386, 2335)
(2387, 2335)
(2388, 2334)
(2389, 2335)
(2390, 2332)
(2391, 2333)
(2392, 2332)
(2393, 2331)
(2394, 2333)
(2395, 2335)
(2396, 2333)
(2397, 2336)
(2398, 2336)
(2399, 2330)
(2400, 2332)
(2401, 2332)
(2402, 2332)
(2403, 2322)
(2404, 2332)
(2405, 2336)
(2406, 2333)
(2407, 2322)
(2408, 2336)
(2409, 2332)
(2410, 2339)
(2411, 2339)
(2420, 21)
(2421, 21)
(2422, 22)
(2423, 22)
(2424, 24)
(2425, 24)
(2426, 26)
(2427, 26)
(2428, 26)
(2429, 28)
(2430, 28)
(2431, 29)
(2432, 29)
(2433, 31)
(2434, 32)
(2435, 32)
(2436, 33)
(2437, 35)
(2438, 36)
(2439, 36)
(2440, 37)
(2441, 38)
(2442, 39)
(2443, 40)
(2444, 41)
(2445, 42)
(2446, 43)
(2447, 45)
(2448, 45)
(2449, 47)
(2450, 48)
(2451, 49)
(2452, 50)
(2453, 51)
(2454, 52)
(2455, 53)
(2456, 54)
(2457, 55)
(2458, 56)
(2459, 57)
(2460, 58)
(2461, 59)
(2462, 60)
(2463, 62)
(2464, 63)
(2465, 63)
(2466, 64)
(2467, 66)
(2468, 67)
(2469, 68)
(2470, 69)
(2471, 70)
(2472, 71)
(2473, 72)
(2474, 73)
(2475, 74)
(2476, 75)
(2477, 76)
(2478, 77)
(2479, 78)
(2480, 79)
(2481, 80)
(2482, 81)
(2483, 82)
(2484, 83)
(2485, 84)
(2486, 85)
(2487, 86)
(2488, 87)
(2489, 88)
(2490, 89)
(2491, 90)
(2492, 91)
(2493, 92)
(2494, 93)
(2495, 94)
(2496, 95)
(2497, 96)
(2498, 97)
(2499, 98)
(2500, 100)
(2501, 101)
(2502, 102)
(2503, 104)
(2504, 105)
(2505, 106)
(2506, 108)
(2507, 111)
(2508, 112)
(2509, 114)
(2510, 116)
(2511, 120)
(2512, 121)
(2513, 126)
(2514, 128)
(2515, 130)
(2516, 132)
(2517, 133)
(2518, 134)
(2519, 1557)
(2520, 1558)
(2522, 809)
(2523, 809)
(2524, 811)
(2527, 822)
(2529, 824)
(2530, 829)
(2531, 829)
(2532, 833)
(2533, 833)
(2534, 836)
(2535, 837)
(2536, 836)
(2537, 836)
(2538, 836)
(2539, 838)
(2540, 98)
(2541, 99)
(2542, 103)
(2543, 104)
(2544, 104)
(2545, 848)
(2546, 848)
(2547, 851)
(2548, 851)
(2549, 851)
(2550, 2496)
(2551, 97)
(2552, 2496)
(2553, 97)
(2554, 2498)
(2555, 2499)
(2556, 2498)
(2557, 100)
(2558, 2499)
(2559, 2502)
(2560, 2503)
(2561, 2502)
(2562, 2503)
(2565, 2507)
(2567, 891)
(2568, 836)
(2569, 2512)
(2570, 126)
(2571, 128)
(2572, 2516)
(2573, 2516)
(2574, 1557)
(2575, 1557)
(2576, 1558)
(2577, 1557)
(2578, 808)
(2579, 810)
(2580, 812)
(2581, 815)
(2582, 820)
(2583, 821)
(2584, 824)
(2585, 824)
(2586, 825)
(2587, 826)
(2588, 827)
(2589, 829)
(2590, 831)
(2591, 832)
(2592, 833)
(2593, 835)
(2594, 837)
(2595, 838)
(2596, 839)
(2597, 841)
(2598, 842)
(2599, 843)
(2600, 845)
(2601, 846)
(2602, 848)
(2603, 849)
(2604, 850)
(2605, 851)
(2606, 853)
(2607, 854)
(2608, 855)
(2609, 856)
(2610, 858)
(2611, 859)
(2612, 860)
(2613, 861)
(2614, 863)
(2615, 864)
(2616, 865)
(2617, 867)
(2618, 869)
(2619, 871)
(2620, 872)
(2621, 873)
(2622, 874)
(2623, 878)
(2624, 875)
(2625, 872)
(2626, 876)
(2647, 89)
(2648, 2496)
(2649, 2496)
(2650, 2494)
(2651, 2494)
(2652, 2494)
(2653, 2498)
(2654, 836)
(2655, 2597)
(2656, 840)
(2657, 840)
(2658, 840)
(2659, 841)
(2661, 2599)
(2663, 847)
(2664, 847)
(2719, 467)
(2722, 471)
(2723, 471)
(2724, 2233)
(2731, 1292)
(2732, 1292)
(2733, 1291)
(2734, 1293)
(2735, 1867)
(2736, 1291)
(2737, 1937)
