(1411, 797)
(1411, 798)
(1411, 799)
(1411, 800)
(1411, 801)
(1412, 795)
(1412, 796)
(1412, 797)
(1412, 798)
(1412, 799)
(1412, 800)
(1412, 801)
(1413, 794)
(1413, 795)
(1413, 796)
(1413, 797)
(1413, 798)
(1413, 799)
(1413, 800)
(1413, 801)
(1413, 802)
(1414, 793)
(1414, 794)
(1414, 795)
(1414, 796)
(1414, 797)
(1414, 798)
(1414, 799)
(1414, 800)
(1414, 801)
(1414, 802)
(1415, 791)
(1415, 792)
(1415, 793)
(1415, 794)
(1415, 795)
(1415, 796)
(1415, 797)
(1415, 798)
(1415, 799)
(1415, 800)
(1415, 801)
(1416, 790)
(1416, 791)
(1416, 792)
(1416, 793)
(1416, 794)
(1416, 795)
(1416, 796)
(1416, 797)
(1416, 798)
(1416, 799)
(1416, 800)
(1416, 801)
(1417, 789)
(1417, 790)
(1417, 791)
(1417, 792)
(1417, 793)
(1417, 794)
(1417, 795)
(1417, 796)
(1417, 797)
(1417, 798)
(1417, 799)
(1417, 800)
(1417, 801)
(1418, 788)
(1418, 789)
(1418, 790)
(1418, 791)
(1418, 792)
(1418, 793)
(1418, 794)
(1418, 795)
(1418, 796)
(1418, 797)
(1418, 798)
(1418, 799)
(1418, 800)
(1418, 801)
(1419, 787)
(1419, 788)
(1419, 789)
(1419, 790)
(1419, 791)
(1419, 792)
(1419, 793)
(1419, 794)
(1419, 795)
(1419, 796)
(1419, 797)
(1419, 798)
(1419, 799)
(1419, 800)
(1420, 786)
(1420, 787)
(1420, 788)
(1420, 789)
(1420, 790)
(1420, 791)
(1420, 792)
(1420, 793)
(1420, 794)
(1420, 795)
(1420, 796)
(1420, 797)
(1420, 798)
(1420, 799)
(1421, 785)
(1421, 786)
(1421, 787)
(1421, 788)
(1421, 789)
(1421, 790)
(1421, 791)
(1421, 792)
(1421, 793)
(1421, 794)
(1421, 795)
(1421, 796)
(1421, 797)
(1421, 798)
(1421, 799)
(1422, 783)
(1422, 784)
(1422, 785)
(1422, 786)
(1422, 787)
(1422, 788)
(1422, 789)
(1422, 790)
(1422, 791)
(1422, 792)
(1422, 793)
(1422, 794)
(1422, 795)
(1422, 796)
(1422, 797)
(1422, 798)
(1423, 782)
(1423, 783)
(1423, 784)
(1423, 785)
(1423, 786)
(1423, 787)
(1423, 788)
(1423, 789)
(1423, 790)
(1423, 791)
(1423, 792)
(1423, 793)
(1423, 794)
(1423, 795)
(1423, 796)
(1423, 797)
(1424, 781)
(1424, 782)
(1424, 783)
(1424, 784)
(1424, 785)
(1424, 786)
(1424, 787)
(1424, 788)
(1424, 789)
(1424, 790)
(1424, 791)
(1424, 792)
(1424, 793)
(1424, 794)
(1424, 795)
(1424, 796)
(1425, 780)
(1425, 781)
(1425, 782)
(1425, 783)
(1425, 784)
(1425, 785)
(1425, 786)
(1425, 787)
(1425, 788)
(1425, 789)
(1425, 790)
(1425, 791)
(1425, 792)
(1425, 793)
(1425, 794)
(1426, 779)
(1426, 780)
(1426, 781)
(1426, 782)
(1426, 783)
(1426, 784)
(1426, 785)
(1426, 786)
(1426, 787)
(1426, 788)
(1426, 789)
(1426, 790)
(1426, 791)
(1426, 792)
(1426, 793)
(1427, 778)
(1427, 779)
(1427, 780)
(1427, 781)
(1427, 782)
(1427, 783)
(1427, 784)
(1427, 785)
(1427, 786)
(1427, 787)
(1427, 788)
(1427, 789)
(1427, 790)
(1427, 791)
(1427, 792)
(1428, 776)
(1428, 777)
(1428, 778)
(1428, 779)
(1428, 780)
(1428, 781)
(1428, 782)
(1428, 783)
(1428, 784)
(1428, 785)
(1428, 786)
(1428, 787)
(1428, 788)
(1428, 789)
(1428, 790)
(1429, 775)
(1429, 776)
(1429, 777)
(1429, 778)
(1429, 779)
(1429, 780)
(1429, 781)
(1429, 782)
(1429, 783)
(1429, 784)
(1429, 785)
(1429, 786)
(1429, 787)
(1429, 788)
(1429, 789)
(1430, 774)
(1430, 775)
(1430, 776)
(1430, 777)
(1430, 778)
(1430, 779)
(1430, 780)
(1430, 781)
(1430, 782)
(1430, 783)
(1430, 784)
(1430, 785)
(1430, 786)
(1430, 787)
(1431, 773)
(1431, 774)
(1431, 775)
(1431, 776)
(1431, 777)
(1431, 778)
(1431, 779)
(1431, 780)
(1431, 781)
(1431, 782)
(1431, 783)
(1431, 784)
(1431, 785)
(1432, 772)
(1432, 773)
(1432, 774)
(1432, 775)
(1432, 776)
(1432, 777)
(1432, 778)
(1432, 779)
(1432, 780)
(1432, 781)
(1432, 782)
(1432, 783)
(1432, 784)
(1433, 771)
(1433, 772)
(1433, 773)
(1433, 774)
(1433, 775)
(1433, 776)
(1433, 777)
(1433, 778)
(1433, 779)
(1433, 780)
(1433, 781)
(1433, 782)
(1434, 770)
(1434, 771)
(1434, 772)
(1434, 773)
(1434, 774)
(1434, 775)
(1434, 776)
(1434, 777)
(1434, 778)
(1434, 779)
(1434, 780)
(1434, 781)
(1435, 769)
(1435, 770)
(1435, 771)
(1435, 772)
(1435, 773)
(1435, 774)
(1435, 775)
(1435, 776)
(1435, 777)
(1435, 778)
(1435, 779)
(1436, 768)
(1436, 769)
(1436, 770)
(1436, 771)
(1436, 772)
(1436, 773)
(1436, 774)
(1436, 775)
(1436, 776)
(1436, 777)
(1436, 778)
(1437, 767)
(1437, 768)
(1437, 769)
(1437, 770)
(1437, 771)
(1437, 772)
(1437, 773)
(1437, 774)
(1437, 775)
(1437, 776)
(1438, 766)
(1438, 767)
(1438, 768)
(1438, 769)
(1438, 770)
(1438, 771)
(1438, 772)
(1438, 773)
(1438, 774)
(1438, 775)
(1439, 765)
(1439, 766)
(1439, 767)
(1439, 768)
(1439, 769)
(1439, 770)
(1439, 771)
(1439, 772)
(1439, 773)
(1440, 764)
(1440, 765)
(1440, 766)
(1440, 767)
(1440, 768)
(1440, 769)
(1440, 770)
(1440, 771)
(1440, 772)
(1441, 763)
(1441, 764)
(1441, 765)
(1441, 766)
(1441, 767)
(1441, 768)
(1441, 769)
(1441, 770)
(1441, 771)
(1442, 762)
(1442, 763)
(1442, 764)
(1442, 765)
(1442, 766)
(1442, 767)
(1442, 768)
(1442, 769)
(1442, 770)
(1443, 761)
(1443, 762)
(1443, 763)
(1443, 764)
(1443, 765)
(1443, 766)
(1443, 767)
(1443, 768)
(1444, 760)
(1444, 761)
(1444, 762)
(1444, 763)
(1444, 764)
(1444, 765)
(1444, 766)
(1444, 767)
(1445, 759)
(1445, 760)
(1445, 761)
(1445, 762)
(1445, 763)
(1445, 764)
(1445, 765)
(1445, 766)
(1446, 758)
(1446, 759)
(1446, 760)
(1446, 761)
(1446, 762)
(1446, 763)
(1446, 764)
(1446, 765)
(1447, 757)
(1447, 758)
(1447, 759)
(1447, 760)
(1447, 761)
(1447, 762)
(1447, 763)
(1447, 764)
(1448, 756)
(1448, 757)
(1448, 758)
(1448, 759)
(1448, 760)
(1448, 761)
(1448, 762)
(1448, 763)
(1449, 755)
(1449, 756)
(1449, 757)
(1449, 758)
(1449, 759)
(1449, 760)
(1449, 761)
(1449, 762)
(1450, 754)
(1450, 755)
(1450, 756)
(1450, 757)
(1450, 758)
(1450, 759)
(1450, 760)
(1451, 752)
(1451, 753)
(1451, 754)
(1451, 755)
(1451, 756)
(1451, 757)
(1451, 758)
(1451, 759)
(1452, 751)
(1452, 752)
(1452, 753)
(1452, 754)
(1452, 755)
(1452, 756)
(1452, 757)
(1452, 758)
(1453, 750)
(1453, 751)
(1453, 752)
(1453, 753)
(1453, 754)
(1453, 755)
(1453, 756)
(1453, 757)
(1454, 749)
(1454, 750)
(1454, 751)
(1454, 752)
(1454, 753)
(1454, 754)
(1454, 755)
(1454, 756)
(1455, 748)
(1455, 749)
(1455, 750)
(1455, 751)
(1455, 752)
(1455, 753)
(1455, 754)
(1455, 755)
(1456, 747)
(1456, 748)
(1456, 749)
(1456, 750)
(1456, 751)
(1456, 752)
(1456, 753)
(1456, 754)
(1457, 746)
(1457, 747)
(1457, 748)
(1457, 749)
(1457, 750)
(1457, 751)
(1457, 752)
(1457, 753)
(1458, 745)
(1458, 746)
(1458, 747)
(1458, 748)
(1458, 749)
(1458, 750)
(1458, 751)
(1458, 752)
(1459, 744)
(1459, 745)
(1459, 746)
(1459, 747)
(1459, 748)
(1459, 749)
(1459, 750)
(1459, 751)
(1460, 743)
(1460, 744)
(1460, 745)
(1460, 746)
(1460, 747)
(1460, 748)
(1460, 749)
(1460, 750)
(1461, 742)
(1461, 743)
(1461, 744)
(1461, 745)
(1461, 746)
(1461, 747)
(1461, 748)
(1461, 749)
(1462, 741)
(1462, 742)
(1462, 743)
(1462, 744)
(1462, 745)
(1462, 746)
(1462, 747)
(1462, 748)
(1463, 740)
(1463, 741)
(1463, 742)
(1463, 743)
(1463, 744)
(1463, 745)
(1463, 746)
(1463, 747)
(1464, 739)
(1464, 740)
(1464, 741)
(1464, 742)
(1464, 743)
(1464, 744)
(1464, 745)
(1464, 746)
(1465, 738)
(1465, 739)
(1465, 740)
(1465, 741)
(1465, 742)
(1465, 743)
(1465, 744)
(1465, 745)
(1466, 737)
(1466, 738)
(1466, 739)
(1466, 740)
(1466, 741)
(1466, 742)
(1466, 743)
(1466, 744)
(1467, 736)
(1467, 737)
(1467, 738)
(1467, 739)
(1467, 740)
(1467, 741)
(1467, 742)
(1467, 743)
(1468, 735)
(1468, 736)
(1468, 737)
(1468, 738)
(1468, 739)
(1468, 740)
(1468, 741)
(1468, 742)
(1469, 734)
(1469, 735)
(1469, 736)
(1469, 737)
(1469, 738)
(1469, 739)
(1469, 740)
(1469, 741)
(1470, 733)
(1470, 734)
(1470, 735)
(1470, 736)
(1470, 737)
(1470, 738)
(1470, 739)
(1470, 740)
(1471, 732)
(1471, 733)
(1471, 734)
(1471, 735)
(1471, 736)
(1471, 737)
(1471, 738)
(1471, 739)
(1471, 740)
(1472, 731)
(1472, 732)
(1472, 733)
(1472, 734)
(1472, 735)
(1472, 736)
(1472, 737)
(1472, 738)
(1472, 739)
(1473, 730)
(1473, 731)
(1473, 732)
(1473, 733)
(1473, 734)
(1473, 735)
(1473, 736)
(1473, 737)
(1473, 738)
(1474, 729)
(1474, 730)
(1474, 731)
(1474, 732)
(1474, 733)
(1474, 734)
(1474, 735)
(1474, 736)
(1474, 737)
(1475, 727)
(1475, 728)
(1475, 729)
(1475, 730)
(1475, 731)
(1475, 732)
(1475, 733)
(1475, 734)
(1475, 735)
(1475, 736)
(1476, 726)
(1476, 727)
(1476, 728)
(1476, 729)
(1476, 730)
(1476, 731)
(1476, 732)
(1476, 733)
(1476, 734)
(1476, 735)
(1476, 736)
(1477, 725)
(1477, 726)
(1477, 727)
(1477, 728)
(1477, 729)
(1477, 730)
(1477, 731)
(1477, 732)
(1477, 733)
(1477, 734)
(1477, 735)
(1478, 724)
(1478, 725)
(1478, 726)
(1478, 727)
(1478, 728)
(1478, 729)
(1478, 730)
(1478, 731)
(1478, 732)
(1478, 733)
(1478, 734)
(1479, 723)
(1479, 724)
(1479, 725)
(1479, 726)
(1479, 727)
(1479, 728)
(1479, 729)
(1479, 730)
(1479, 731)
(1479, 732)
(1479, 733)
(1479, 734)
(1480, 723)
(1480, 724)
(1480, 725)
(1480, 726)
(1480, 727)
(1480, 728)
(1480, 729)
(1480, 730)
(1480, 731)
(1480, 732)
(1480, 733)
(1481, 722)
(1481, 723)
(1481, 724)
(1481, 725)
(1481, 726)
(1481, 727)
(1481, 728)
(1481, 729)
(1481, 730)
(1481, 731)
(1481, 732)
(1482, 721)
(1482, 722)
(1482, 723)
(1482, 724)
(1482, 725)
(1482, 726)
(1482, 727)
(1482, 728)
(1482, 729)
(1482, 730)
(1482, 731)
(1482, 732)
(1483, 720)
(1483, 721)
(1483, 722)
(1483, 723)
(1483, 724)
(1483, 725)
(1483, 726)
(1483, 727)
(1483, 728)
(1483, 729)
(1483, 730)
(1483, 731)
(1484, 719)
(1484, 720)
(1484, 721)
(1484, 722)
(1484, 723)
(1484, 724)
(1484, 725)
(1484, 726)
(1484, 727)
(1484, 728)
(1484, 729)
(1484, 730)
(1484, 731)
(1485, 718)
(1485, 719)
(1485, 720)
(1485, 721)
(1485, 722)
(1485, 723)
(1485, 724)
(1485, 725)
(1485, 726)
(1485, 727)
(1485, 728)
(1485, 729)
(1485, 730)
(1486, 718)
(1486, 719)
(1486, 720)
(1486, 721)
(1486, 722)
(1486, 723)
(1486, 724)
(1486, 725)
(1486, 726)
(1486, 727)
(1486, 728)
(1486, 729)
(1487, 717)
(1487, 718)
(1487, 719)
(1487, 720)
(1487, 721)
(1487, 722)
(1487, 723)
(1487, 724)
(1487, 725)
(1487, 726)
(1487, 727)
(1487, 728)
(1487, 729)
(1488, 716)
(1488, 717)
(1488, 718)
(1488, 719)
(1488, 720)
(1488, 721)
(1488, 722)
(1488, 723)
(1488, 724)
(1488, 725)
(1488, 726)
(1488, 727)
(1488, 728)
(1489, 715)
(1489, 716)
(1489, 717)
(1489, 718)
(1489, 719)
(1489, 720)
(1489, 721)
(1489, 722)
(1489, 723)
(1489, 724)
(1489, 725)
(1489, 726)
(1489, 727)
(1489, 728)
(1490, 714)
(1490, 715)
(1490, 716)
(1490, 717)
(1490, 718)
(1490, 719)
(1490, 720)
(1490, 721)
(1490, 722)
(1490, 723)
(1490, 724)
(1490, 725)
(1490, 726)
(1490, 727)
(1491, 713)
(1491, 714)
(1491, 715)
(1491, 716)
(1491, 717)
(1491, 718)
(1491, 719)
(1491, 720)
(1491, 721)
(1491, 722)
(1491, 723)
(1491, 724)
(1491, 725)
(1491, 726)
(1491, 727)
(1492, 713)
(1492, 714)
(1492, 715)
(1492, 716)
(1492, 717)
(1492, 718)
(1492, 719)
(1492, 720)
(1492, 721)
(1492, 722)
(1492, 723)
(1492, 724)
(1492, 725)
(1492, 726)
(1493, 712)
(1493, 713)
(1493, 714)
(1493, 715)
(1493, 716)
(1493, 717)
(1493, 718)
(1493, 719)
(1493, 720)
(1493, 721)
(1493, 722)
(1493, 723)
(1493, 724)
(1493, 725)
(1494, 711)
(1494, 712)
(1494, 713)
(1494, 714)
(1494, 715)
(1494, 716)
(1494, 717)
(1494, 718)
(1494, 719)
(1494, 720)
(1494, 721)
(1494, 722)
(1494, 723)
(1494, 724)
(1494, 725)
(1495, 711)
(1495, 712)
(1495, 713)
(1495, 714)
(1495, 715)
(1495, 716)
(1495, 717)
(1495, 718)
(1495, 719)
(1495, 720)
(1495, 721)
(1495, 722)
(1495, 723)
(1495, 724)
(1496, 710)
(1496, 711)
(1496, 712)
(1496, 713)
(1496, 714)
(1496, 715)
(1496, 716)
(1496, 717)
(1496, 718)
(1496, 719)
(1496, 720)
(1496, 721)
(1496, 722)
(1496, 723)
(1496, 724)
(1497, 710)
(1497, 711)
(1497, 712)
(1497, 713)
(1497, 714)
(1497, 715)
(1497, 716)
(1497, 717)
(1497, 718)
(1497, 719)
(1497, 720)
(1497, 721)
(1497, 722)
(1497, 723)
(1498, 709)
(1498, 710)
(1498, 711)
(1498, 712)
(1498, 713)
(1498, 714)
(1498, 715)
(1498, 716)
(1498, 717)
(1498, 718)
(1498, 719)
(1498, 720)
(1498, 721)
(1498, 722)
(1499, 709)
(1499, 710)
(1499, 711)
(1499, 712)
(1499, 713)
(1499, 714)
(1499, 715)
(1499, 716)
(1499, 717)
(1499, 718)
(1499, 719)
(1499, 720)
(1499, 721)
(1500, 709)
(1500, 710)
(1500, 711)
(1500, 712)
(1500, 713)
(1500, 714)
(1500, 715)
(1500, 716)
(1500, 717)
(1500, 718)
(1500, 719)
(1500, 720)
(1500, 721)
(1501, 708)
(1501, 709)
(1501, 710)
(1501, 711)
(1501, 712)
(1501, 713)
(1501, 714)
(1501, 715)
(1501, 716)
(1501, 717)
(1501, 718)
(1501, 719)
(1501, 720)
(1502, 709)
(1502, 710)
(1502, 711)
(1502, 712)
(1502, 713)
(1502, 714)
(1502, 715)
(1502, 716)
(1502, 717)
(1502, 718)
(1502, 719)
(1503, 709)
(1503, 710)
(1503, 711)
(1503, 712)
(1503, 713)
(1503, 714)
(1503, 715)
(1503, 716)
(1503, 717)
(1503, 718)
(1504, 709)
(1504, 710)
(1504, 711)
(1504, 712)
(1504, 713)
(1504, 714)
(1504, 715)
(1504, 716)
(1505, 711)
(1505, 712)
(1505, 713)
(1505, 714)
(1618, 250)
(1618, 251)
(1619, 249)
(1619, 250)
(1619, 251)
(1619, 252)
(1620, 248)
(1620, 249)
(1620, 250)
(1620, 251)
(1620, 252)
(1621, 247)
(1621, 248)
(1621, 249)
(1621, 250)
(1621, 251)
(1621, 252)
(1622, 247)
(1622, 248)
(1622, 249)
(1622, 250)
(1622, 251)
(1622, 252)
(1623, 246)
(1623, 247)
(1623, 248)
(1623, 249)
(1623, 250)
(1623, 251)
(1624, 245)
(1624, 246)
(1624, 247)
(1624, 248)
(1624, 249)
(1624, 250)
(1624, 251)
(1625, 244)
(1625, 245)
(1625, 246)
(1625, 247)
(1625, 248)
(1625, 249)
(1625, 250)
(1625, 251)
(1626, 244)
(1626, 245)
(1626, 246)
(1626, 247)
(1626, 248)
(1626, 249)
(1626, 250)
(1627, 243)
(1627, 244)
(1627, 245)
(1627, 246)
(1627, 247)
(1627, 248)
(1627, 249)
(1627, 250)
(1628, 242)
(1628, 243)
(1628, 244)
(1628, 245)
(1628, 246)
(1628, 247)
(1628, 248)
(1628, 249)
(1629, 242)
(1629, 243)
(1629, 244)
(1629, 245)
(1629, 246)
(1629, 247)
(1629, 248)
(1629, 249)
(1630, 241)
(1630, 242)
(1630, 243)
(1630, 244)
(1630, 245)
(1630, 246)
(1630, 247)
(1630, 248)
(1631, 240)
(1631, 241)
(1631, 242)
(1631, 243)
(1631, 244)
(1631, 245)
(1631, 246)
(1631, 247)
(1631, 248)
(1632, 239)
(1632, 240)
(1632, 241)
(1632, 242)
(1632, 243)
(1632, 244)
(1632, 245)
(1632, 246)
(1632, 247)
(1633, 239)
(1633, 240)
(1633, 241)
(1633, 242)
(1633, 243)
(1633, 244)
(1633, 245)
(1633, 246)
(1634, 238)
(1634, 239)
(1634, 240)
(1634, 241)
(1634, 242)
(1634, 243)
(1634, 244)
(1634, 245)
(1634, 246)
(1635, 237)
(1635, 238)
(1635, 239)
(1635, 240)
(1635, 241)
(1635, 242)
(1635, 243)
(1635, 244)
(1635, 245)
(1636, 237)
(1636, 238)
(1636, 239)
(1636, 240)
(1636, 241)
(1636, 242)
(1636, 243)
(1636, 244)
(1637, 236)
(1637, 237)
(1637, 238)
(1637, 239)
(1637, 240)
(1637, 241)
(1637, 242)
(1637, 243)
(1637, 244)
(1638, 235)
(1638, 236)
(1638, 237)
(1638, 238)
(1638, 239)
(1638, 240)
(1638, 241)
(1638, 242)
(1638, 243)
(1639, 235)
(1639, 236)
(1639, 237)
(1639, 238)
(1639, 239)
(1639, 240)
(1639, 241)
(1639, 242)
(1640, 234)
(1640, 235)
(1640, 236)
(1640, 237)
(1640, 238)
(1640, 239)
(1640, 240)
(1640, 241)
(1640, 242)
(1641, 233)
(1641, 234)
(1641, 235)
(1641, 236)
(1641, 237)
(1641, 238)
(1641, 239)
(1641, 240)
(1641, 241)
(1642, 233)
(1642, 234)
(1642, 235)
(1642, 236)
(1642, 237)
(1642, 238)
(1642, 239)
(1642, 240)
(1642, 241)
(1643, 232)
(1643, 233)
(1643, 234)
(1643, 235)
(1643, 236)
(1643, 237)
(1643, 238)
(1643, 239)
(1643, 240)
(1644, 232)
(1644, 233)
(1644, 234)
(1644, 235)
(1644, 236)
(1644, 237)
(1644, 238)
(1644, 239)
(1645, 231)
(1645, 232)
(1645, 233)
(1645, 234)
(1645, 235)
(1645, 236)
(1645, 237)
(1645, 238)
(1645, 239)
(1646, 231)
(1646, 232)
(1646, 233)
(1646, 234)
(1646, 235)
(1646, 236)
(1646, 237)
(1646, 238)
(1647, 230)
(1647, 231)
(1647, 232)
(1647, 233)
(1647, 234)
(1647, 235)
(1647, 236)
(1647, 237)
(1648, 229)
(1648, 230)
(1648, 231)
(1648, 232)
(1648, 233)
(1648, 234)
(1648, 235)
(1648, 236)
(1648, 237)
(1649, 229)
(1649, 230)
(1649, 231)
(1649, 232)
(1649, 233)
(1649, 234)
(1649, 235)
(1649, 236)
(1650, 228)
(1650, 229)
(1650, 230)
(1650, 231)
(1650, 232)
(1650, 233)
(1650, 234)
(1650, 235)
(1651, 228)
(1651, 229)
(1651, 230)
(1651, 231)
(1651, 232)
(1651, 233)
(1651, 234)
(1651, 235)
(1652, 227)
(1652, 228)
(1652, 229)
(1652, 230)
(1652, 231)
(1652, 232)
(1652, 233)
(1652, 234)
(1653, 227)
(1653, 228)
(1653, 229)
(1653, 230)
(1653, 231)
(1653, 232)
(1653, 233)
(1653, 234)
(1654, 226)
(1654, 227)
(1654, 228)
(1654, 229)
(1654, 230)
(1654, 231)
(1654, 232)
(1654, 233)
(1655, 226)
(1655, 227)
(1655, 228)
(1655, 229)
(1655, 230)
(1655, 231)
(1655, 232)
(1656, 225)
(1656, 226)
(1656, 227)
(1656, 228)
(1656, 229)
(1656, 230)
(1656, 231)
(1657, 224)
(1657, 225)
(1657, 226)
(1657, 227)
(1657, 228)
(1657, 229)
(1657, 230)
(1657, 231)
(1658, 224)
(1658, 225)
(1658, 226)
(1658, 227)
(1658, 228)
(1658, 229)
(1658, 230)
(1659, 223)
(1659, 224)
(1659, 225)
(1659, 226)
(1659, 227)
(1659, 228)
(1659, 229)
(1660, 223)
(1660, 224)
(1660, 225)
(1660, 226)
(1660, 227)
(1660, 228)
(1660, 229)
(1661, 222)
(1661, 223)
(1661, 224)
(1661, 225)
(1661, 226)
(1661, 227)
(1661, 228)
(1662, 221)
(1662, 222)
(1662, 223)
(1662, 224)
(1662, 225)
(1662, 226)
(1662, 227)
(1663, 221)
(1663, 222)
(1663, 223)
(1663, 224)
(1663, 225)
(1663, 226)
(1663, 227)
(1664, 220)
(1664, 221)
(1664, 222)
(1664, 223)
(1664, 224)
(1664, 225)
(1664, 226)
(1665, 219)
(1665, 220)
(1665, 221)
(1665, 222)
(1665, 223)
(1665, 224)
(1665, 225)
(1666, 219)
(1666, 220)
(1666, 221)
(1666, 222)
(1666, 223)
(1666, 224)
(1667, 218)
(1667, 219)
(1667, 220)
(1667, 221)
(1667, 222)
(1667, 223)
(1667, 224)
(1668, 217)
(1668, 218)
(1668, 219)
(1668, 220)
(1668, 221)
(1668, 222)
(1668, 223)
(1669, 217)
(1669, 218)
(1669, 219)
(1669, 220)
(1669, 221)
(1669, 222)
(1670, 216)
(1670, 217)
(1670, 218)
(1670, 219)
(1670, 220)
(1670, 221)
(1670, 222)
(1671, 215)
(1671, 216)
(1671, 217)
(1671, 218)
(1671, 219)
(1671, 220)
(1671, 221)
(1672, 215)
(1672, 216)
(1672, 217)
(1672, 218)
(1672, 219)
(1672, 220)
(1673, 214)
(1673, 215)
(1673, 216)
(1673, 217)
(1673, 218)
(1673, 219)
(1674, 213)
(1674, 214)
(1674, 215)
(1674, 216)
(1674, 217)
(1674, 218)
(1674, 219)
(1675, 212)
(1675, 213)
(1675, 214)
(1675, 215)
(1675, 216)
(1675, 217)
(1675, 218)
(1676, 212)
(1676, 213)
(1676, 214)
(1676, 215)
(1676, 216)
(1676, 217)
(1677, 211)
(1677, 212)
(1677, 213)
(1677, 214)
(1677, 215)
(1677, 216)
(1678, 210)
(1678, 211)
(1678, 212)
(1678, 213)
(1678, 214)
(1678, 215)
(1679, 209)
(1679, 210)
(1679, 211)
(1679, 212)
(1679, 213)
(1679, 214)
(1680, 209)
(1680, 210)
(1680, 211)
(1680, 212)
(1680, 213)
(1680, 214)
(1681, 208)
(1681, 209)
(1681, 210)
(1681, 211)
(1681, 212)
(1681, 213)
(1682, 207)
(1682, 208)
(1682, 209)
(1682, 210)
(1682, 211)
(1682, 212)
(1683, 206)
(1683, 207)
(1683, 208)
(1683, 209)
(1683, 210)
(1683, 211)
(1684, 205)
(1684, 206)
(1684, 207)
(1684, 208)
(1684, 209)
(1684, 210)
(1685, 205)
(1685, 206)
(1685, 207)
(1685, 208)
(1685, 209)
(1686, 204)
(1686, 205)
(1686, 206)
(1686, 207)
(1686, 208)
(1687, 203)
(1687, 204)
(1687, 205)
(1687, 206)
(1687, 207)
(1687, 208)
(1688, 202)
(1688, 203)
(1688, 204)
(1688, 205)
(1688, 206)
(1688, 207)
(1689, 201)
(1689, 202)
(1689, 203)
(1689, 204)
(1689, 205)
(1689, 206)
(1690, 200)
(1690, 201)
(1690, 202)
(1690, 203)
(1690, 204)
(1690, 205)
(1691, 200)
(1691, 201)
(1691, 202)
(1691, 203)
(1691, 204)
(1692, 199)
(1692, 200)
(1692, 201)
(1692, 202)
(1692, 203)
(1693, 198)
(1693, 199)
(1693, 200)
(1693, 201)
(1693, 202)
(1694, 197)
(1694, 198)
(1694, 199)
(1694, 200)
(1694, 201)
(1694, 202)
(1695, 196)
(1695, 197)
(1695, 198)
(1695, 199)
(1695, 200)
(1695, 201)
(1696, 195)
(1696, 196)
(1696, 197)
(1696, 198)
(1696, 199)
(1696, 200)
(1697, 194)
(1697, 195)
(1697, 196)
(1697, 197)
(1697, 198)
(1697, 199)
(1698, 193)
(1698, 194)
(1698, 195)
(1698, 196)
(1698, 197)
(1698, 198)
(1699, 193)
(1699, 194)
(1699, 195)
(1699, 196)
(1699, 197)
(1700, 192)
(1700, 193)
(1700, 194)
(1700, 195)
(1700, 196)
(1700, 197)
(1701, 191)
(1701, 192)
(1701, 193)
(1701, 194)
(1701, 195)
(1701, 196)
(1702, 190)
(1702, 191)
(1702, 192)
(1702, 193)
(1702, 194)
(1702, 195)
(1703, 189)
(1703, 190)
(1703, 191)
(1703, 192)
(1703, 193)
(1703, 194)
(1704, 188)
(1704, 189)
(1704, 190)
(1704, 191)
(1704, 192)
(1704, 193)
(1705, 187)
(1705, 188)
(1705, 189)
(1705, 190)
(1705, 191)
(1705, 192)
(1706, 186)
(1706, 187)
(1706, 188)
(1706, 189)
(1706, 190)
(1706, 191)
(1707, 185)
(1707, 186)
(1707, 187)
(1707, 188)
(1707, 189)
(1707, 190)
(1708, 184)
(1708, 185)
(1708, 186)
(1708, 187)
(1708, 188)
(1708, 189)
(1709, 184)
(1709, 185)
(1709, 186)
(1709, 187)
(1709, 188)
(1709, 189)
(1710, 183)
(1710, 184)
(1710, 185)
(1710, 186)
(1710, 187)
(1710, 188)
(1711, 182)
(1711, 183)
(1711, 184)
(1711, 185)
(1711, 186)
(1711, 187)
(1712, 181)
(1712, 182)
(1712, 183)
(1712, 184)
(1712, 185)
(1712, 186)
(1713, 180)
(1713, 181)
(1713, 182)
(1713, 183)
(1713, 184)
(1713, 185)
(1714, 179)
(1714, 180)
(1714, 181)
(1714, 182)
(1714, 183)
(1714, 184)
(1715, 178)
(1715, 179)
(1715, 180)
(1715, 181)
(1715, 182)
(1715, 183)
(1716, 177)
(1716, 178)
(1716, 179)
(1716, 180)
(1716, 181)
(1716, 182)
(1717, 176)
(1717, 177)
(1717, 178)
(1717, 179)
(1717, 180)
(1717, 181)
(1718, 175)
(1718, 176)
(1718, 177)
(1718, 178)
(1718, 179)
(1718, 180)
(1719, 174)
(1719, 175)
(1719, 176)
(1719, 177)
(1719, 178)
(1719, 179)
(1720, 173)
(1720, 174)
(1720, 175)
(1720, 176)
(1720, 177)
(1720, 178)
(1721, 172)
(1721, 173)
(1721, 174)
(1721, 175)
(1721, 176)
(1721, 177)
(1722, 171)
(1722, 172)
(1722, 173)
(1722, 174)
(1722, 175)
(1722, 176)
(1723, 170)
(1723, 171)
(1723, 172)
(1723, 173)
(1723, 174)
(1723, 175)
(1724, 168)
(1724, 169)
(1724, 170)
(1724, 171)
(1724, 172)
(1724, 173)
(1724, 174)
(1725, 167)
(1725, 168)
(1725, 169)
(1725, 170)
(1725, 171)
(1725, 172)
(1725, 173)
(1726, 166)
(1726, 167)
(1726, 168)
(1726, 169)
(1726, 170)
(1726, 171)
(1726, 172)
(1727, 165)
(1727, 166)
(1727, 167)
(1727, 168)
(1727, 169)
(1727, 170)
(1727, 171)
(1728, 164)
(1728, 165)
(1728, 166)
(1728, 167)
(1728, 168)
(1728, 169)
(1728, 170)
(1729, 163)
(1729, 164)
(1729, 165)
(1729, 166)
(1729, 167)
(1729, 168)
(1729, 169)
(1730, 162)
(1730, 163)
(1730, 164)
(1730, 165)
(1730, 166)
(1730, 167)
(1730, 168)
(1731, 161)
(1731, 162)
(1731, 163)
(1731, 164)
(1731, 165)
(1731, 166)
(1731, 167)
(1732, 160)
(1732, 161)
(1732, 162)
(1732, 163)
(1732, 164)
(1732, 165)
(1733, 159)
(1733, 160)
(1733, 161)
(1733, 162)
(1733, 163)
(1733, 164)
(1734, 157)
(1734, 158)
(1734, 159)
(1734, 160)
(1734, 161)
(1734, 162)
(1734, 163)
(1735, 156)
(1735, 157)
(1735, 158)
(1735, 159)
(1735, 160)
(1735, 161)
(1735, 162)
(1736, 155)
(1736, 156)
(1736, 157)
(1736, 158)
(1736, 159)
(1736, 160)
(1736, 161)
(1737, 154)
(1737, 155)
(1737, 156)
(1737, 157)
(1737, 158)
(1737, 159)
(1737, 160)
(1738, 153)
(1738, 154)
(1738, 155)
(1738, 156)
(1738, 157)
(1738, 158)
(1738, 159)
(1739, 152)
(1739, 153)
(1739, 154)
(1739, 155)
(1739, 156)
(1739, 157)
(1739, 158)
(1740, 151)
(1740, 152)
(1740, 153)
(1740, 154)
(1740, 155)
(1740, 156)
(1740, 157)
(1741, 150)
(1741, 151)
(1741, 152)
(1741, 153)
(1741, 154)
(1741, 155)
(1741, 156)
(1742, 149)
(1742, 150)
(1742, 151)
(1742, 152)
(1742, 153)
(1742, 154)
(1742, 155)
(1743, 148)
(1743, 149)
(1743, 150)
(1743, 151)
(1743, 152)
(1743, 153)
(1744, 147)
(1744, 148)
(1744, 149)
(1744, 150)
(1744, 151)
(1744, 152)
(1745, 146)
(1745, 147)
(1745, 148)
(1745, 149)
(1745, 150)
(1745, 151)
(1746, 145)
(1746, 146)
(1746, 147)
(1746, 148)
(1746, 149)
(1746, 150)
(1747, 144)
(1747, 145)
(1747, 146)
(1747, 147)
(1747, 148)
(1747, 149)
(1748, 143)
(1748, 144)
(1748, 145)
(1748, 146)
(1748, 147)
(1748, 148)
(1749, 142)
(1749, 143)
(1749, 144)
(1749, 145)
(1749, 146)
(1749, 147)
(1750, 140)
(1750, 141)
(1750, 142)
(1750, 143)
(1750, 144)
(1750, 145)
(1750, 146)
(1751, 139)
(1751, 140)
(1751, 141)
(1751, 142)
(1751, 143)
(1751, 144)
(1751, 145)
(1752, 138)
(1752, 139)
(1752, 140)
(1752, 141)
(1752, 142)
(1752, 143)
(1752, 144)
(1753, 137)
(1753, 138)
(1753, 139)
(1753, 140)
(1753, 141)
(1753, 142)
(1753, 143)
(1754, 136)
(1754, 137)
(1754, 138)
(1754, 139)
(1754, 140)
(1754, 141)
(1754, 142)
(1755, 135)
(1755, 136)
(1755, 137)
(1755, 138)
(1755, 139)
(1755, 140)
(1755, 141)
(1756, 134)
(1756, 135)
(1756, 136)
(1756, 137)
(1756, 138)
(1756, 139)
(1756, 140)
(1757, 133)
(1757, 134)
(1757, 135)
(1757, 136)
(1757, 137)
(1757, 138)
(1757, 139)
(1758, 132)
(1758, 133)
(1758, 134)
(1758, 135)
(1758, 136)
(1758, 137)
(1758, 138)
(1759, 131)
(1759, 132)
(1759, 133)
(1759, 134)
(1759, 135)
(1759, 136)
(1759, 137)
(1760, 130)
(1760, 131)
(1760, 132)
(1760, 133)
(1760, 134)
(1760, 135)
(1760, 136)
(1761, 129)
(1761, 130)
(1761, 131)
(1761, 132)
(1761, 133)
(1761, 134)
(1761, 135)
(1762, 128)
(1762, 129)
(1762, 130)
(1762, 131)
(1762, 132)
(1762, 133)
(1762, 134)
(1763, 127)
(1763, 128)
(1763, 129)
(1763, 130)
(1763, 131)
(1763, 132)
(1763, 133)
(1764, 126)
(1764, 127)
(1764, 128)
(1764, 129)
(1764, 130)
(1764, 131)
(1764, 132)
(1765, 125)
(1765, 126)
(1765, 127)
(1765, 128)
(1765, 129)
(1765, 130)
(1765, 131)
(1766, 123)
(1766, 124)
(1766, 125)
(1766, 126)
(1766, 127)
(1766, 128)
(1766, 129)
(1767, 122)
(1767, 123)
(1767, 124)
(1767, 125)
(1767, 126)
(1767, 127)
(1767, 128)
(1768, 121)
(1768, 122)
(1768, 123)
(1768, 124)
(1768, 125)
(1768, 126)
(1768, 127)
(1769, 120)
(1769, 121)
(1769, 122)
(1769, 123)
(1769, 124)
(1769, 125)
(1769, 126)
(1770, 119)
(1770, 120)
(1770, 121)
(1770, 122)
(1770, 123)
(1770, 124)
(1770, 125)
(1771, 118)
(1771, 119)
(1771, 120)
(1771, 121)
(1771, 122)
(1771, 123)
(1771, 124)
(1772, 117)
(1772, 118)
(1772, 119)
(1772, 120)
(1772, 121)
(1772, 122)
(1772, 123)
(1773, 116)
(1773, 117)
(1773, 118)
(1773, 119)
(1773, 120)
(1773, 121)
(1773, 122)
(1774, 115)
(1774, 116)
(1774, 117)
(1774, 118)
(1774, 119)
(1774, 120)
(1774, 121)
(1775, 114)
(1775, 115)
(1775, 116)
(1775, 117)
(1775, 118)
(1775, 119)
(1775, 120)
(1776, 113)
(1776, 114)
(1776, 115)
(1776, 116)
(1776, 117)
(1776, 118)
(1776, 119)
(1777, 112)
(1777, 113)
(1777, 114)
(1777, 115)
(1777, 116)
(1777, 117)
(1777, 118)
(1778, 111)
(1778, 112)
(1778, 113)
(1778, 114)
(1778, 115)
(1778, 116)
(1778, 117)
(1779, 110)
(1779, 111)
(1779, 112)
(1779, 113)
(1779, 114)
(1779, 115)
(1779, 116)
(1780, 109)
(1780, 110)
(1780, 111)
(1780, 112)
(1780, 113)
(1780, 114)
(1780, 115)
(1781, 108)
(1781, 109)
(1781, 110)
(1781, 111)
(1781, 112)
(1781, 113)
(1781, 114)
(1782, 107)
(1782, 108)
(1782, 109)
(1782, 110)
(1782, 111)
(1782, 112)
(1782, 113)
(1783, 106)
(1783, 107)
(1783, 108)
(1783, 109)
(1783, 110)
(1783, 111)
(1783, 112)
(1784, 105)
(1784, 106)
(1784, 107)
(1784, 108)
(1784, 109)
(1784, 110)
(1784, 111)
(1785, 105)
(1785, 106)
(1785, 107)
(1785, 108)
(1785, 109)
(1785, 110)
(1785, 111)
(1786, 104)
(1786, 105)
(1786, 106)
(1786, 107)
(1786, 108)
(1786, 109)
(1786, 110)
(1787, 103)
(1787, 104)
(1787, 105)
(1787, 106)
(1787, 107)
(1787, 108)
(1787, 109)
(1788, 102)
(1788, 103)
(1788, 104)
(1788, 105)
(1788, 106)
(1788, 107)
(1788, 108)
(1789, 101)
(1789, 102)
(1789, 103)
(1789, 104)
(1789, 105)
(1789, 106)
(1789, 107)
(1790, 100)
(1790, 101)
(1790, 102)
(1790, 103)
(1790, 104)
(1790, 105)
(1790, 106)
(1791, 99)
(1791, 100)
(1791, 101)
(1791, 102)
(1791, 103)
(1791, 104)
(1791, 105)
(1792, 99)
(1792, 100)
(1792, 101)
(1792, 102)
(1792, 103)
(1792, 104)
(1792, 105)
(1793, 98)
(1793, 99)
(1793, 100)
(1793, 101)
(1793, 102)
(1793, 103)
(1793, 104)
(1794, 97)
(1794, 98)
(1794, 99)
(1794, 100)
(1794, 101)
(1794, 102)
(1794, 103)
(1795, 96)
(1795, 97)
(1795, 98)
(1795, 99)
(1795, 100)
(1795, 101)
(1795, 102)
(1796, 95)
(1796, 96)
(1796, 97)
(1796, 98)
(1796, 99)
(1796, 100)
(1796, 101)
(1797, 94)
(1797, 95)
(1797, 96)
(1797, 97)
(1797, 98)
(1797, 99)
(1797, 100)
(1797, 101)
(1798, 94)
(1798, 95)
(1798, 96)
(1798, 97)
(1798, 98)
(1798, 99)
(1798, 100)
(1799, 93)
(1799, 94)
(1799, 95)
(1799, 96)
(1799, 97)
(1799, 98)
(1799, 99)
(1800, 92)
(1800, 93)
(1800, 94)
(1800, 95)
(1800, 96)
(1800, 97)
(1800, 98)
(1800, 99)
(1801, 91)
(1801, 92)
(1801, 93)
(1801, 94)
(1801, 95)
(1801, 96)
(1801, 97)
(1801, 98)
(1802, 91)
(1802, 92)
(1802, 93)
(1802, 94)
(1802, 95)
(1802, 96)
(1802, 97)
(1803, 90)
(1803, 91)
(1803, 92)
(1803, 93)
(1803, 94)
(1803, 95)
(1803, 96)
(1803, 97)
(1804, 89)
(1804, 90)
(1804, 91)
(1804, 92)
(1804, 93)
(1804, 94)
(1804, 95)
(1804, 96)
(1805, 88)
(1805, 89)
(1805, 90)
(1805, 91)
(1805, 92)
(1805, 93)
(1805, 94)
(1805, 95)
(1806, 88)
(1806, 89)
(1806, 90)
(1806, 91)
(1806, 92)
(1806, 93)
(1806, 94)
(1806, 95)
(1807, 87)
(1807, 88)
(1807, 89)
(1807, 90)
(1807, 91)
(1807, 92)
(1807, 93)
(1807, 94)
(1808, 86)
(1808, 87)
(1808, 88)
(1808, 89)
(1808, 90)
(1808, 91)
(1808, 92)
(1808, 93)
(1809, 86)
(1809, 87)
(1809, 88)
(1809, 89)
(1809, 90)
(1809, 91)
(1809, 92)
(1809, 93)
(1810, 85)
(1810, 86)
(1810, 87)
(1810, 88)
(1810, 89)
(1810, 90)
(1810, 91)
(1810, 92)
(1811, 85)
(1811, 86)
(1811, 87)
(1811, 88)
(1811, 89)
(1811, 90)
(1811, 91)
(1811, 92)
(1812, 84)
(1812, 85)
(1812, 86)
(1812, 87)
(1812, 88)
(1812, 89)
(1812, 90)
(1812, 91)
(1813, 83)
(1813, 84)
(1813, 85)
(1813, 86)
(1813, 87)
(1813, 88)
(1813, 89)
(1813, 90)
(1813, 91)
(1814, 83)
(1814, 84)
(1814, 85)
(1814, 86)
(1814, 87)
(1814, 88)
(1814, 89)
(1814, 90)
(1815, 82)
(1815, 83)
(1815, 84)
(1815, 85)
(1815, 86)
(1815, 87)
(1815, 88)
(1815, 89)
(1815, 90)
(1816, 82)
(1816, 83)
(1816, 84)
(1816, 85)
(1816, 86)
(1816, 87)
(1816, 88)
(1816, 89)
(1817, 81)
(1817, 82)
(1817, 83)
(1817, 84)
(1817, 85)
(1817, 86)
(1817, 87)
(1817, 88)
(1817, 89)
(1818, 81)
(1818, 82)
(1818, 83)
(1818, 84)
(1818, 85)
(1818, 86)
(1818, 87)
(1818, 88)
(1818, 89)
(1819, 81)
(1819, 82)
(1819, 83)
(1819, 84)
(1819, 85)
(1819, 86)
(1819, 87)
(1819, 88)
(1820, 80)
(1820, 81)
(1820, 82)
(1820, 83)
(1820, 84)
(1820, 85)
(1820, 86)
(1820, 87)
(1820, 88)
(1821, 80)
(1821, 81)
(1821, 82)
(1821, 83)
(1821, 84)
(1821, 85)
(1821, 86)
(1821, 87)
(1821, 88)
(1822, 79)
(1822, 80)
(1822, 81)
(1822, 82)
(1822, 83)
(1822, 84)
(1822, 85)
(1822, 86)
(1822, 87)
(1823, 79)
(1823, 80)
(1823, 81)
(1823, 82)
(1823, 83)
(1823, 84)
(1823, 85)
(1823, 86)
(1823, 87)
(1824, 78)
(1824, 79)
(1824, 80)
(1824, 81)
(1824, 82)
(1824, 83)
(1824, 84)
(1824, 85)
(1824, 86)
(1824, 87)
(1825, 78)
(1825, 79)
(1825, 80)
(1825, 81)
(1825, 82)
(1825, 83)
(1825, 84)
(1825, 85)
(1825, 86)
(1826, 77)
(1826, 78)
(1826, 79)
(1826, 80)
(1826, 81)
(1826, 82)
(1826, 83)
(1826, 84)
(1826, 85)
(1826, 86)
(1827, 77)
(1827, 78)
(1827, 79)
(1827, 80)
(1827, 81)
(1827, 82)
(1827, 83)
(1827, 84)
(1827, 85)
(1827, 86)
(1828, 76)
(1828, 77)
(1828, 78)
(1828, 79)
(1828, 80)
(1828, 81)
(1828, 82)
(1828, 83)
(1828, 84)
(1828, 85)
(1828, 86)
(1829, 76)
(1829, 77)
(1829, 78)
(1829, 79)
(1829, 80)
(1829, 81)
(1829, 82)
(1829, 83)
(1829, 84)
(1829, 85)
(1830, 76)
(1830, 77)
(1830, 78)
(1830, 79)
(1830, 80)
(1830, 81)
(1830, 82)
(1830, 83)
(1830, 84)
(1830, 85)
(1831, 75)
(1831, 76)
(1831, 77)
(1831, 78)
(1831, 79)
(1831, 80)
(1831, 81)
(1831, 82)
(1831, 83)
(1831, 84)
(1831, 85)
(1832, 75)
(1832, 76)
(1832, 77)
(1832, 78)
(1832, 79)
(1832, 80)
(1832, 81)
(1832, 82)
(1832, 83)
(1832, 84)
(1832, 85)
(1833, 74)
(1833, 75)
(1833, 76)
(1833, 77)
(1833, 78)
(1833, 79)
(1833, 80)
(1833, 81)
(1833, 82)
(1833, 83)
(1833, 84)
(1834, 74)
(1834, 75)
(1834, 76)
(1834, 77)
(1834, 78)
(1834, 79)
(1834, 80)
(1834, 81)
(1834, 82)
(1834, 83)
(1834, 84)
(1835, 73)
(1835, 74)
(1835, 75)
(1835, 76)
(1835, 77)
(1835, 78)
(1835, 79)
(1835, 80)
(1835, 81)
(1835, 82)
(1835, 83)
(1835, 84)
(1836, 73)
(1836, 74)
(1836, 75)
(1836, 76)
(1836, 77)
(1836, 78)
(1836, 79)
(1836, 80)
(1836, 81)
(1836, 82)
(1836, 83)
(1837, 72)
(1837, 73)
(1837, 74)
(1837, 75)
(1837, 76)
(1837, 77)
(1837, 78)
(1837, 79)
(1837, 80)
(1837, 81)
(1837, 82)
(1837, 83)
(1838, 72)
(1838, 73)
(1838, 74)
(1838, 75)
(1838, 76)
(1838, 77)
(1838, 78)
(1838, 79)
(1838, 80)
(1838, 81)
(1838, 82)
(1838, 83)
(1839, 72)
(1839, 73)
(1839, 74)
(1839, 75)
(1839, 76)
(1839, 77)
(1839, 78)
(1839, 79)
(1839, 80)
(1839, 81)
(1839, 82)
(1840, 72)
(1840, 73)
(1840, 74)
(1840, 75)
(1840, 76)
(1840, 77)
(1840, 78)
(1840, 79)
(1840, 80)
(1840, 81)
(1840, 82)
(1841, 71)
(1841, 72)
(1841, 73)
(1841, 74)
(1841, 75)
(1841, 76)
(1841, 77)
(1841, 78)
(1841, 79)
(1841, 80)
(1841, 81)
(1842, 71)
(1842, 72)
(1842, 73)
(1842, 74)
(1842, 75)
(1842, 76)
(1842, 77)
(1842, 78)
(1842, 79)
(1842, 80)
(1842, 81)
(1843, 72)
(1843, 73)
(1843, 74)
(1843, 75)
(1843, 76)
(1843, 77)
(1843, 78)
(1843, 79)
(1843, 80)
(1844, 72)
(1844, 73)
(1844, 74)
(1844, 75)
(1844, 76)
(1844, 77)
(1844, 78)
(1844, 79)
(1845, 72)
(1845, 73)
(1845, 74)
(1845, 75)
(1845, 76)
(1845, 77)
(1845, 78)
(1846, 73)
(1846, 74)
(1846, 75)
(1846, 76)
(1846, 77)
(3862, 2508)
(3862, 2509)
(3862, 2510)
(3862, 2511)
(3862, 2512)
(3862, 2513)
(3862, 2514)
(3862, 2515)
(3862, 2516)
(3862, 2517)
(3862, 2518)
(3862, 2519)
(3862, 2520)
(3862, 2521)
(3862, 2522)
(3863, 2504)
(3863, 2505)
(3863, 2506)
(3863, 2507)
(3863, 2508)
(3863, 2509)
(3863, 2510)
(3863, 2511)
(3863, 2512)
(3863, 2513)
(3863, 2514)
(3863, 2515)
(3863, 2516)
(3863, 2517)
(3863, 2518)
(3863, 2519)
(3863, 2520)
(3863, 2521)
(3863, 2522)
(3863, 2523)
(3863, 2524)
(3863, 2525)
(3863, 2526)
(3863, 2527)
(3864, 2502)
(3864, 2503)
(3864, 2504)
(3864, 2505)
(3864, 2506)
(3864, 2507)
(3864, 2508)
(3864, 2509)
(3864, 2510)
(3864, 2511)
(3864, 2512)
(3864, 2513)
(3864, 2514)
(3864, 2515)
(3864, 2516)
(3864, 2517)
(3864, 2518)
(3864, 2519)
(3864, 2520)
(3864, 2521)
(3864, 2522)
(3864, 2523)
(3864, 2524)
(3864, 2525)
(3864, 2526)
(3864, 2527)
(3864, 2528)
(3864, 2529)
(3864, 2530)
(3865, 2501)
(3865, 2502)
(3865, 2503)
(3865, 2504)
(3865, 2505)
(3865, 2506)
(3865, 2507)
(3865, 2508)
(3865, 2509)
(3865, 2510)
(3865, 2511)
(3865, 2512)
(3865, 2513)
(3865, 2514)
(3865, 2515)
(3865, 2516)
(3865, 2517)
(3865, 2518)
(3865, 2519)
(3865, 2520)
(3865, 2521)
(3865, 2522)
(3865, 2523)
(3865, 2524)
(3865, 2525)
(3865, 2526)
(3865, 2527)
(3865, 2528)
(3865, 2529)
(3865, 2530)
(3865, 2531)
(3865, 2532)
(3866, 2502)
(3866, 2503)
(3866, 2504)
(3866, 2505)
(3866, 2506)
(3866, 2507)
(3866, 2508)
(3866, 2509)
(3866, 2510)
(3866, 2511)
(3866, 2512)
(3866, 2513)
(3866, 2514)
(3866, 2515)
(3866, 2516)
(3866, 2517)
(3866, 2518)
(3866, 2519)
(3866, 2520)
(3866, 2521)
(3866, 2522)
(3866, 2523)
(3866, 2524)
(3866, 2525)
(3866, 2526)
(3866, 2527)
(3866, 2528)
(3866, 2529)
(3866, 2530)
(3866, 2531)
(3866, 2532)
(3866, 2533)
(3867, 2505)
(3867, 2506)
(3867, 2507)
(3867, 2508)
(3867, 2509)
(3867, 2510)
(3867, 2511)
(3867, 2512)
(3867, 2513)
(3867, 2514)
(3867, 2515)
(3867, 2516)
(3867, 2517)
(3867, 2518)
(3867, 2519)
(3867, 2520)
(3867, 2521)
(3867, 2522)
(3867, 2523)
(3867, 2524)
(3867, 2525)
(3867, 2526)
(3867, 2527)
(3867, 2528)
(3867, 2529)
(3867, 2530)
(3867, 2531)
(3867, 2532)
(3867, 2533)
(3868, 2510)
(3868, 2511)
(3868, 2512)
(3868, 2513)
(3868, 2514)
(3868, 2515)
(3868, 2516)
(3868, 2517)
(3868, 2518)
(3868, 2519)
(3868, 2520)
(3868, 2521)
(3868, 2522)
(3868, 2523)
(3868, 2524)
(3868, 2525)
(3868, 2526)
(3868, 2527)
(3868, 2528)
(3868, 2529)
(3868, 2530)
(3868, 2531)
(3868, 2532)
(3868, 2533)
(3869, 2518)
(3869, 2519)
(3869, 2520)
(3869, 2521)
(3869, 2522)
(3869, 2523)
(3869, 2524)
(3869, 2525)
(3869, 2526)
(3869, 2527)
(3869, 2528)
(3869, 2529)
(3869, 2530)
