(4189, 921)
(4190, 919)
(4190, 920)
(4190, 921)
(4190, 922)
(4190, 923)
(4190, 924)
(4191, 918)
(4191, 919)
(4191, 920)
(4191, 921)
(4191, 922)
(4191, 923)
(4191, 924)
(4191, 925)
(4192, 918)
(4192, 919)
(4192, 920)
(4192, 921)
(4192, 922)
(4192, 923)
(4192, 924)
(4192, 925)
(4192, 926)
(4192, 927)
(4193, 919)
(4193, 920)
(4193, 921)
(4193, 922)
(4193, 923)
(4193, 924)
(4193, 925)
(4193, 926)
(4193, 927)
(4193, 928)
(4194, 919)
(4194, 920)
(4194, 921)
(4194, 922)
(4194, 923)
(4194, 924)
(4194, 925)
(4194, 926)
(4194, 927)
(4194, 928)
(4194, 929)
(4195, 920)
(4195, 921)
(4195, 922)
(4195, 923)
(4195, 924)
(4195, 925)
(4195, 926)
(4195, 927)
(4195, 928)
(4195, 929)
(4195, 930)
(4196, 920)
(4196, 921)
(4196, 922)
(4196, 923)
(4196, 924)
(4196, 925)
(4196, 926)
(4196, 927)
(4196, 928)
(4196, 929)
(4196, 930)
(4196, 931)
(4197, 921)
(4197, 922)
(4197, 923)
(4197, 924)
(4197, 925)
(4197, 926)
(4197, 927)
(4197, 928)
(4197, 929)
(4197, 930)
(4197, 931)
(4197, 932)
(4198, 922)
(4198, 923)
(4198, 924)
(4198, 925)
(4198, 926)
(4198, 927)
(4198, 928)
(4198, 929)
(4198, 930)
(4198, 931)
(4198, 932)
(4198, 933)
(4199, 923)
(4199, 924)
(4199, 925)
(4199, 926)
(4199, 927)
(4199, 928)
(4199, 929)
(4199, 930)
(4199, 931)
(4199, 932)
(4199, 933)
(4199, 934)
(4200, 924)
(4200, 925)
(4200, 926)
(4200, 927)
(4200, 928)
(4200, 929)
(4200, 930)
(4200, 931)
(4200, 932)
(4200, 933)
(4200, 934)
(4201, 925)
(4201, 926)
(4201, 927)
(4201, 928)
(4201, 929)
(4201, 930)
(4201, 931)
(4201, 932)
(4201, 933)
(4201, 934)
(4201, 935)
(4202, 927)
(4202, 928)
(4202, 929)
(4202, 930)
(4202, 931)
(4202, 932)
(4202, 933)
(4202, 934)
(4202, 935)
(4202, 936)
(4203, 928)
(4203, 929)
(4203, 930)
(4203, 931)
(4203, 932)
(4203, 933)
(4203, 934)
(4203, 935)
(4203, 936)
(4203, 937)
(4204, 929)
(4204, 930)
(4204, 931)
(4204, 932)
(4204, 933)
(4204, 934)
(4204, 935)
(4204, 936)
(4204, 937)
(4204, 938)
(4205, 930)
(4205, 931)
(4205, 932)
(4205, 933)
(4205, 934)
(4205, 935)
(4205, 936)
(4205, 937)
(4205, 938)
(4205, 939)
(4206, 931)
(4206, 932)
(4206, 933)
(4206, 934)
(4206, 935)
(4206, 936)
(4206, 937)
(4206, 938)
(4206, 939)
(4206, 940)
(4207, 932)
(4207, 933)
(4207, 934)
(4207, 935)
(4207, 936)
(4207, 937)
(4207, 938)
(4207, 939)
(4207, 940)
(4207, 941)
(4208, 933)
(4208, 934)
(4208, 935)
(4208, 936)
(4208, 937)
(4208, 938)
(4208, 939)
(4208, 940)
(4208, 941)
(4208, 942)
(4208, 943)
(4209, 935)
(4209, 936)
(4209, 937)
(4209, 938)
(4209, 939)
(4209, 940)
(4209, 941)
(4209, 942)
(4209, 943)
(4209, 944)
(4210, 936)
(4210, 937)
(4210, 938)
(4210, 939)
(4210, 940)
(4210, 941)
(4210, 942)
(4210, 943)
(4210, 944)
(4210, 945)
(4211, 937)
(4211, 938)
(4211, 939)
(4211, 940)
(4211, 941)
(4211, 942)
(4211, 943)
(4211, 944)
(4211, 945)
(4211, 946)
(4212, 938)
(4212, 939)
(4212, 940)
(4212, 941)
(4212, 942)
(4212, 943)
(4212, 944)
(4212, 945)
(4212, 946)
(4212, 947)
(4213, 940)
(4213, 941)
(4213, 942)
(4213, 943)
(4213, 944)
(4213, 945)
(4213, 946)
(4213, 947)
(4213, 948)
(4214, 941)
(4214, 942)
(4214, 943)
(4214, 944)
(4214, 945)
(4214, 946)
(4214, 947)
(4214, 948)
(4214, 949)
(4215, 942)
(4215, 943)
(4215, 944)
(4215, 945)
(4215, 946)
(4215, 947)
(4215, 948)
(4215, 949)
(4215, 950)
(4216, 943)
(4216, 944)
(4216, 945)
(4216, 946)
(4216, 947)
(4216, 948)
(4216, 949)
(4216, 950)
(4216, 951)
(4217, 945)
(4217, 946)
(4217, 947)
(4217, 948)
(4217, 949)
(4217, 950)
(4217, 951)
(4217, 952)
(4218, 946)
(4218, 947)
(4218, 948)
(4218, 949)
(4218, 950)
(4218, 951)
(4218, 952)
(4218, 953)
(4218, 954)
(4219, 947)
(4219, 948)
(4219, 949)
(4219, 950)
(4219, 951)
(4219, 952)
(4219, 953)
(4219, 954)
(4219, 955)
(4220, 948)
(4220, 949)
(4220, 950)
(4220, 951)
(4220, 952)
(4220, 953)
(4220, 954)
(4220, 955)
(4220, 956)
(4221, 950)
(4221, 951)
(4221, 952)
(4221, 953)
(4221, 954)
(4221, 955)
(4221, 956)
(4221, 957)
(4222, 951)
(4222, 952)
(4222, 953)
(4222, 954)
(4222, 955)
(4222, 956)
(4222, 957)
(4222, 958)
(4223, 952)
(4223, 953)
(4223, 954)
(4223, 955)
(4223, 956)
(4223, 957)
(4223, 958)
(4223, 959)
(4223, 960)
(4224, 953)
(4224, 954)
(4224, 955)
(4224, 956)
(4224, 957)
(4224, 958)
(4224, 959)
(4224, 960)
(4224, 961)
(4225, 955)
(4225, 956)
(4225, 957)
(4225, 958)
(4225, 959)
(4225, 960)
(4225, 961)
(4225, 962)
(4226, 956)
(4226, 957)
(4226, 958)
(4226, 959)
(4226, 960)
(4226, 961)
(4226, 962)
(4226, 963)
(4227, 957)
(4227, 958)
(4227, 959)
(4227, 960)
(4227, 961)
(4227, 962)
(4227, 963)
(4227, 964)
(4227, 965)
(4228, 959)
(4228, 960)
(4228, 961)
(4228, 962)
(4228, 963)
(4228, 964)
(4228, 965)
(4228, 966)
(4229, 960)
(4229, 961)
(4229, 962)
(4229, 963)
(4229, 964)
(4229, 965)
(4229, 966)
(4229, 967)
(4230, 961)
(4230, 962)
(4230, 963)
(4230, 964)
(4230, 965)
(4230, 966)
(4230, 967)
(4230, 968)
(4231, 962)
(4231, 963)
(4231, 964)
(4231, 965)
(4231, 966)
(4231, 967)
(4231, 968)
(4231, 969)
(4231, 970)
(4232, 964)
(4232, 965)
(4232, 966)
(4232, 967)
(4232, 968)
(4232, 969)
(4232, 970)
(4232, 971)
(4233, 965)
(4233, 966)
(4233, 967)
(4233, 968)
(4233, 969)
(4233, 970)
(4233, 971)
(4233, 972)
(4234, 966)
(4234, 967)
(4234, 968)
(4234, 969)
(4234, 970)
(4234, 971)
(4234, 972)
(4234, 973)
(4235, 968)
(4235, 969)
(4235, 970)
(4235, 971)
(4235, 972)
(4235, 973)
(4235, 974)
(4235, 975)
(4236, 969)
(4236, 970)
(4236, 971)
(4236, 972)
(4236, 973)
(4236, 974)
(4236, 975)
(4236, 976)
(4237, 970)
(4237, 971)
(4237, 972)
(4237, 973)
(4237, 974)
(4237, 975)
(4237, 976)
(4237, 977)
(4238, 971)
(4238, 972)
(4238, 973)
(4238, 974)
(4238, 975)
(4238, 976)
(4238, 977)
(4238, 978)
(4238, 979)
(4239, 973)
(4239, 974)
(4239, 975)
(4239, 976)
(4239, 977)
(4239, 978)
(4239, 979)
(4239, 980)
(4240, 974)
(4240, 975)
(4240, 976)
(4240, 977)
(4240, 978)
(4240, 979)
(4240, 980)
(4240, 981)
(4241, 975)
(4241, 976)
(4241, 977)
(4241, 978)
(4241, 979)
(4241, 980)
(4241, 981)
(4241, 982)
(4242, 977)
(4242, 978)
(4242, 979)
(4242, 980)
(4242, 981)
(4242, 982)
(4242, 983)
(4242, 984)
(4243, 978)
(4243, 979)
(4243, 980)
(4243, 981)
(4243, 982)
(4243, 983)
(4243, 984)
(4243, 985)
(4244, 979)
(4244, 980)
(4244, 981)
(4244, 982)
(4244, 983)
(4244, 984)
(4244, 985)
(4244, 986)
(4244, 987)
(4245, 980)
(4245, 981)
(4245, 982)
(4245, 983)
(4245, 984)
(4245, 985)
(4245, 986)
(4245, 987)
(4245, 988)
(4246, 982)
(4246, 983)
(4246, 984)
(4246, 985)
(4246, 986)
(4246, 987)
(4246, 988)
(4246, 989)
(4246, 990)
(4247, 983)
(4247, 984)
(4247, 985)
(4247, 986)
(4247, 987)
(4247, 988)
(4247, 989)
(4247, 990)
(4247, 991)
(4248, 985)
(4248, 986)
(4248, 987)
(4248, 988)
(4248, 989)
(4248, 990)
(4248, 991)
(4248, 992)
(4248, 993)
(4249, 986)
(4249, 987)
(4249, 988)
(4249, 989)
(4249, 990)
(4249, 991)
(4249, 992)
(4249, 993)
(4249, 994)
(4250, 987)
(4250, 988)
(4250, 989)
(4250, 990)
(4250, 991)
(4250, 992)
(4250, 993)
(4250, 994)
(4250, 995)
(4250, 996)
(4251, 989)
(4251, 990)
(4251, 991)
(4251, 992)
(4251, 993)
(4251, 994)
(4251, 995)
(4251, 996)
(4251, 997)
(4251, 998)
(4252, 990)
(4252, 991)
(4252, 992)
(4252, 993)
(4252, 994)
(4252, 995)
(4252, 996)
(4252, 997)
(4252, 998)
(4252, 999)
(4252, 1000)
(4253, 992)
(4253, 993)
(4253, 994)
(4253, 995)
(4253, 996)
(4253, 997)
(4253, 998)
(4253, 999)
(4253, 1000)
(4253, 1001)
(4253, 1002)
(4254, 993)
(4254, 994)
(4254, 995)
(4254, 996)
(4254, 997)
(4254, 998)
(4254, 999)
(4254, 1000)
(4254, 1001)
(4254, 1002)
(4254, 1003)
(4254, 1004)
(4255, 995)
(4255, 996)
(4255, 997)
(4255, 998)
(4255, 999)
(4255, 1000)
(4255, 1001)
(4255, 1002)
(4255, 1003)
(4255, 1004)
(4255, 1005)
(4255, 1006)
(4256, 997)
(4256, 998)
(4256, 999)
(4256, 1000)
(4256, 1001)
(4256, 1002)
(4256, 1003)
(4256, 1004)
(4256, 1005)
(4256, 1006)
(4256, 1007)
(4256, 1008)
(4257, 999)
(4257, 1000)
(4257, 1001)
(4257, 1002)
(4257, 1003)
(4257, 1004)
(4257, 1005)
(4257, 1006)
(4257, 1007)
(4257, 1008)
(4257, 1009)
(4257, 1010)
(4258, 1000)
(4258, 1001)
(4258, 1002)
(4258, 1003)
(4258, 1004)
(4258, 1005)
(4258, 1006)
(4258, 1007)
(4258, 1008)
(4258, 1009)
(4258, 1010)
(4258, 1011)
(4258, 1012)
(4259, 1002)
(4259, 1003)
(4259, 1004)
(4259, 1005)
(4259, 1006)
(4259, 1007)
(4259, 1008)
(4259, 1009)
(4259, 1010)
(4259, 1011)
(4259, 1012)
(4259, 1013)
(4259, 1014)
(4259, 1015)
(4260, 1004)
(4260, 1005)
(4260, 1006)
(4260, 1007)
(4260, 1008)
(4260, 1009)
(4260, 1010)
(4260, 1011)
(4260, 1012)
(4260, 1013)
(4260, 1014)
(4260, 1015)
(4260, 1016)
(4260, 1017)
(4261, 1006)
(4261, 1007)
(4261, 1008)
(4261, 1009)
(4261, 1010)
(4261, 1011)
(4261, 1012)
(4261, 1013)
(4261, 1014)
(4261, 1015)
(4261, 1016)
(4261, 1017)
(4261, 1018)
(4261, 1019)
(4261, 1020)
(4262, 1009)
(4262, 1010)
(4262, 1011)
(4262, 1012)
(4262, 1013)
(4262, 1014)
(4262, 1015)
(4262, 1016)
(4262, 1017)
(4262, 1018)
(4262, 1019)
(4262, 1020)
(4262, 1021)
(4262, 1022)
(4262, 1023)
(4263, 1011)
(4263, 1012)
(4263, 1013)
(4263, 1014)
(4263, 1015)
(4263, 1016)
(4263, 1017)
(4263, 1018)
(4263, 1019)
(4263, 1020)
(4263, 1021)
(4263, 1022)
(4263, 1023)
(4263, 1024)
(4263, 1025)
(4263, 1026)
(4264, 1013)
(4264, 1014)
(4264, 1015)
(4264, 1016)
(4264, 1017)
(4264, 1018)
(4264, 1019)
(4264, 1020)
(4264, 1021)
(4264, 1022)
(4264, 1023)
(4264, 1024)
(4264, 1025)
(4264, 1026)
(4264, 1027)
(4264, 1028)
(4265, 1016)
(4265, 1017)
(4265, 1018)
(4265, 1019)
(4265, 1020)
(4265, 1021)
(4265, 1022)
(4265, 1023)
(4265, 1024)
(4265, 1025)
(4265, 1026)
(4265, 1027)
(4265, 1028)
(4265, 1029)
(4265, 1030)
(4265, 1031)
(4266, 1018)
(4266, 1019)
(4266, 1020)
(4266, 1021)
(4266, 1022)
(4266, 1023)
(4266, 1024)
(4266, 1025)
(4266, 1026)
(4266, 1027)
(4266, 1028)
(4266, 1029)
(4266, 1030)
(4266, 1031)
(4266, 1032)
(4266, 1033)
(4266, 1034)
(4267, 1021)
(4267, 1022)
(4267, 1023)
(4267, 1024)
(4267, 1025)
(4267, 1026)
(4267, 1027)
(4267, 1028)
(4267, 1029)
(4267, 1030)
(4267, 1031)
(4267, 1032)
(4267, 1033)
(4267, 1034)
(4267, 1035)
(4267, 1036)
(4268, 1024)
(4268, 1025)
(4268, 1026)
(4268, 1027)
(4268, 1028)
(4268, 1029)
(4268, 1030)
(4268, 1031)
(4268, 1032)
(4268, 1033)
(4268, 1034)
(4268, 1035)
(4268, 1036)
(4268, 1037)
(4269, 1027)
(4269, 1028)
(4269, 1029)
(4269, 1030)
(4269, 1031)
(4269, 1032)
(4269, 1033)
(4269, 1034)
(4269, 1035)
(4269, 1036)
(4269, 1037)
(4269, 1038)
(4270, 1030)
(4270, 1031)
(4270, 1032)
(4270, 1033)
(4270, 1034)
(4270, 1035)
(4270, 1036)
(4270, 1037)
(4270, 1038)
(4271, 1036)
(4394, 1791)
(4394, 1792)
(4394, 1793)
(4394, 1794)
(4394, 1795)
(4394, 1796)
(4395, 1791)
(4395, 1792)
(4395, 1793)
(4395, 1794)
(4395, 1795)
(4395, 1796)
(4395, 1797)
(4395, 1798)
(4395, 1799)
(4396, 1792)
(4396, 1793)
(4396, 1794)
(4396, 1795)
(4396, 1796)
(4396, 1797)
(4396, 1798)
(4396, 1799)
(4396, 1800)
(4396, 1801)
(4396, 1802)
(4397, 1793)
(4397, 1794)
(4397, 1795)
(4397, 1796)
(4397, 1797)
(4397, 1798)
(4397, 1799)
(4397, 1800)
(4397, 1801)
(4397, 1802)
(4397, 1803)
(4397, 1804)
(4398, 1795)
(4398, 1796)
(4398, 1797)
(4398, 1798)
(4398, 1799)
(4398, 1800)
(4398, 1801)
(4398, 1802)
(4398, 1803)
(4398, 1804)
(4398, 1805)
(4398, 1806)
(4399, 1797)
(4399, 1798)
(4399, 1799)
(4399, 1800)
(4399, 1801)
(4399, 1802)
(4399, 1803)
(4399, 1804)
(4399, 1805)
(4399, 1806)
(4399, 1807)
(4400, 1799)
(4400, 1800)
(4400, 1801)
(4400, 1802)
(4400, 1803)
(4400, 1804)
(4400, 1805)
(4400, 1806)
(4400, 1807)
(4400, 1808)
(4400, 1809)
(4401, 1801)
(4401, 1802)
(4401, 1803)
(4401, 1804)
(4401, 1805)
(4401, 1806)
(4401, 1807)
(4401, 1808)
(4401, 1809)
(4401, 1810)
(4401, 1811)
(4402, 1803)
(4402, 1804)
(4402, 1805)
(4402, 1806)
(4402, 1807)
(4402, 1808)
(4402, 1809)
(4402, 1810)
(4402, 1811)
(4402, 1812)
(4402, 1813)
(4403, 1805)
(4403, 1806)
(4403, 1807)
(4403, 1808)
(4403, 1809)
(4403, 1810)
(4403, 1811)
(4403, 1812)
(4403, 1813)
(4403, 1814)
(4404, 1807)
(4404, 1808)
(4404, 1809)
(4404, 1810)
(4404, 1811)
(4404, 1812)
(4404, 1813)
(4404, 1814)
(4404, 1815)
(4404, 1816)
(4405, 1809)
(4405, 1810)
(4405, 1811)
(4405, 1812)
(4405, 1813)
(4405, 1814)
(4405, 1815)
(4405, 1816)
(4405, 1817)
(4406, 1810)
(4406, 1811)
(4406, 1812)
(4406, 1813)
(4406, 1814)
(4406, 1815)
(4406, 1816)
(4406, 1817)
(4406, 1818)
(4406, 1819)
(4407, 1812)
(4407, 1813)
(4407, 1814)
(4407, 1815)
(4407, 1816)
(4407, 1817)
(4407, 1818)
(4407, 1819)
(4407, 1820)
(4408, 1814)
(4408, 1815)
(4408, 1816)
(4408, 1817)
(4408, 1818)
(4408, 1819)
(4408, 1820)
(4408, 1821)
(4409, 1815)
(4409, 1816)
(4409, 1817)
(4409, 1818)
(4409, 1819)
(4409, 1820)
(4409, 1821)
(4409, 1822)
(4409, 1823)
(4410, 1817)
(4410, 1818)
(4410, 1819)
(4410, 1820)
(4410, 1821)
(4410, 1822)
(4410, 1823)
(4410, 1824)
(4411, 1818)
(4411, 1819)
(4411, 1820)
(4411, 1821)
(4411, 1822)
(4411, 1823)
(4411, 1824)
(4411, 1825)
(4412, 1820)
(4412, 1821)
(4412, 1822)
(4412, 1823)
(4412, 1824)
(4412, 1825)
(4412, 1826)
(4412, 1827)
(4413, 1821)
(4413, 1822)
(4413, 1823)
(4413, 1824)
(4413, 1825)
(4413, 1826)
(4413, 1827)
(4413, 1828)
(4414, 1823)
(4414, 1824)
(4414, 1825)
(4414, 1826)
(4414, 1827)
(4414, 1828)
(4414, 1829)
(4415, 1824)
(4415, 1825)
(4415, 1826)
(4415, 1827)
(4415, 1828)
(4415, 1829)
(4415, 1830)
(4415, 1831)
(4416, 1825)
(4416, 1826)
(4416, 1827)
(4416, 1828)
(4416, 1829)
(4416, 1830)
(4416, 1831)
(4416, 1832)
(4417, 1827)
(4417, 1828)
(4417, 1829)
(4417, 1830)
(4417, 1831)
(4417, 1832)
(4417, 1833)
(4418, 1828)
(4418, 1829)
(4418, 1830)
(4418, 1831)
(4418, 1832)
(4418, 1833)
(4418, 1834)
(4419, 1829)
(4419, 1830)
(4419, 1831)
(4419, 1832)
(4419, 1833)
(4419, 1834)
(4419, 1835)
(4420, 1831)
(4420, 1832)
(4420, 1833)
(4420, 1834)
(4420, 1835)
(4420, 1836)
(4421, 1832)
(4421, 1833)
(4421, 1834)
(4421, 1835)
(4421, 1836)
(4421, 1837)
(4421, 1838)
(4422, 1833)
(4422, 1834)
(4422, 1835)
(4422, 1836)
(4422, 1837)
(4422, 1838)
(4422, 1839)
(4423, 1834)
(4423, 1835)
(4423, 1836)
(4423, 1837)
(4423, 1838)
(4423, 1839)
(4423, 1840)
(4424, 1835)
(4424, 1836)
(4424, 1837)
(4424, 1838)
(4424, 1839)
(4424, 1840)
(4424, 1841)
(4425, 1837)
(4425, 1838)
(4425, 1839)
(4425, 1840)
(4425, 1841)
(4425, 1842)
(4426, 1838)
(4426, 1839)
(4426, 1840)
(4426, 1841)
(4426, 1842)
(4426, 1843)
(4427, 1839)
(4427, 1840)
(4427, 1841)
(4427, 1842)
(4427, 1843)
(4427, 1844)
(4428, 1840)
(4428, 1841)
(4428, 1842)
(4428, 1843)
(4428, 1844)
(4428, 1845)
(4429, 1841)
(4429, 1842)
(4429, 1843)
(4429, 1844)
(4429, 1845)
(4429, 1846)
(4430, 1842)
(4430, 1843)
(4430, 1844)
(4430, 1845)
(4430, 1846)
(4430, 1847)
(4430, 1848)
(4431, 1843)
(4431, 1844)
(4431, 1845)
(4431, 1846)
(4431, 1847)
(4431, 1848)
(4431, 1849)
(4432, 1844)
(4432, 1845)
(4432, 1846)
(4432, 1847)
(4432, 1848)
(4432, 1849)
(4432, 1850)
(4433, 1845)
(4433, 1846)
(4433, 1847)
(4433, 1848)
(4433, 1849)
(4433, 1850)
(4433, 1851)
(4434, 1847)
(4434, 1848)
(4434, 1849)
(4434, 1850)
(4434, 1851)
(4434, 1852)
(4435, 1848)
(4435, 1849)
(4435, 1850)
(4435, 1851)
(4435, 1852)
(4435, 1853)
(4436, 1849)
(4436, 1850)
(4436, 1851)
(4436, 1852)
(4436, 1853)
(4436, 1854)
(4437, 1850)
(4437, 1851)
(4437, 1852)
(4437, 1853)
(4437, 1854)
(4437, 1855)
(4438, 1851)
(4438, 1852)
(4438, 1853)
(4438, 1854)
(4438, 1855)
(4438, 1856)
(4439, 1852)
(4439, 1853)
(4439, 1854)
(4439, 1855)
(4439, 1856)
(4439, 1857)
(4440, 1853)
(4440, 1854)
(4440, 1855)
(4440, 1856)
(4440, 1857)
(4440, 1858)
(4441, 1854)
(4441, 1855)
(4441, 1856)
(4441, 1857)
(4441, 1858)
(4441, 1859)
(4442, 1855)
(4442, 1856)
(4442, 1857)
(4442, 1858)
(4442, 1859)
(4442, 1860)
(4443, 1856)
(4443, 1857)
(4443, 1858)
(4443, 1859)
(4443, 1860)
(4443, 1861)
(4444, 1857)
(4444, 1858)
(4444, 1859)
(4444, 1860)
(4444, 1861)
(4444, 1862)
(4445, 1858)
(4445, 1859)
(4445, 1860)
(4445, 1861)
(4445, 1862)
(4445, 1863)
(4446, 1859)
(4446, 1860)
(4446, 1861)
(4446, 1862)
(4446, 1863)
(4446, 1864)
(4447, 1860)
(4447, 1861)
(4447, 1862)
(4447, 1863)
(4447, 1864)
(4447, 1865)
(4448, 1861)
(4448, 1862)
(4448, 1863)
(4448, 1864)
(4448, 1865)
(4448, 1866)
(4449, 1862)
(4449, 1863)
(4449, 1864)
(4449, 1865)
(4449, 1866)
(4449, 1867)
(4450, 1863)
(4450, 1864)
(4450, 1865)
(4450, 1866)
(4450, 1867)
(4450, 1868)
(4451, 1864)
(4451, 1865)
(4451, 1866)
(4451, 1867)
(4451, 1868)
(4451, 1869)
(4452, 1865)
(4452, 1866)
(4452, 1867)
(4452, 1868)
(4452, 1869)
(4452, 1870)
(4453, 1866)
(4453, 1867)
(4453, 1868)
(4453, 1869)
(4453, 1870)
(4453, 1871)
(4454, 1867)
(4454, 1868)
(4454, 1869)
(4454, 1870)
(4454, 1871)
(4454, 1872)
(4455, 1868)
(4455, 1869)
(4455, 1870)
(4455, 1871)
(4455, 1872)
(4455, 1873)
(4456, 1869)
(4456, 1870)
(4456, 1871)
(4456, 1872)
(4456, 1873)
(4456, 1874)
(4457, 1870)
(4457, 1871)
(4457, 1872)
(4457, 1873)
(4457, 1874)
(4457, 1875)
(4458, 1871)
(4458, 1872)
(4458, 1873)
(4458, 1874)
(4458, 1875)
(4458, 1876)
(4459, 1872)
(4459, 1873)
(4459, 1874)
(4459, 1875)
(4459, 1876)
(4459, 1877)
(4460, 1873)
(4460, 1874)
(4460, 1875)
(4460, 1876)
(4460, 1877)
(4460, 1878)
(4461, 1874)
(4461, 1875)
(4461, 1876)
(4461, 1877)
(4461, 1878)
(4461, 1879)
(4462, 1875)
(4462, 1876)
(4462, 1877)
(4462, 1878)
(4462, 1879)
(4462, 1880)
(4463, 1877)
(4463, 1878)
(4463, 1879)
(4463, 1880)
(4463, 1881)
(4464, 1878)
(4464, 1879)
(4464, 1880)
(4464, 1881)
(4464, 1882)
(4465, 1879)
(4465, 1880)
(4465, 1881)
(4465, 1882)
(4465, 1883)
(4466, 1880)
(4466, 1881)
(4466, 1882)
(4466, 1883)
(4466, 1884)
(4467, 1881)
(4467, 1882)
(4467, 1883)
(4467, 1884)
(4467, 1885)
(4467, 1886)
(4468, 1882)
(4468, 1883)
(4468, 1884)
(4468, 1885)
(4468, 1886)
(4468, 1887)
(4469, 1883)
(4469, 1884)
(4469, 1885)
(4469, 1886)
(4469, 1887)
(4469, 1888)
(4470, 1884)
(4470, 1885)
(4470, 1886)
(4470, 1887)
(4470, 1888)
(4470, 1889)
(4471, 1885)
(4471, 1886)
(4471, 1887)
(4471, 1888)
(4471, 1889)
(4471, 1890)
(4472, 1886)
(4472, 1887)
(4472, 1888)
(4472, 1889)
(4472, 1890)
(4472, 1891)
(4473, 1887)
(4473, 1888)
(4473, 1889)
(4473, 1890)
(4473, 1891)
(4473, 1892)
(4474, 1888)
(4474, 1889)
(4474, 1890)
(4474, 1891)
(4474, 1892)
(4474, 1893)
(4475, 1889)
(4475, 1890)
(4475, 1891)
(4475, 1892)
(4475, 1893)
(4475, 1894)
(4476, 1890)
(4476, 1891)
(4476, 1892)
(4476, 1893)
(4476, 1894)
(4476, 1895)
(4477, 1891)
(4477, 1892)
(4477, 1893)
(4477, 1894)
(4477, 1895)
(4477, 1896)
(4478, 1892)
(4478, 1893)
(4478, 1894)
(4478, 1895)
(4478, 1896)
(4478, 1897)
(4479, 1893)
(4479, 1894)
(4479, 1895)
(4479, 1896)
(4479, 1897)
(4479, 1898)
(4480, 1894)
(4480, 1895)
(4480, 1896)
(4480, 1897)
(4480, 1898)
(4480, 1899)
(4481, 1895)
(4481, 1896)
(4481, 1897)
(4481, 1898)
(4481, 1899)
(4481, 1900)
(4482, 1896)
(4482, 1897)
(4482, 1898)
(4482, 1899)
(4482, 1900)
(4482, 1901)
(4483, 1898)
(4483, 1899)
(4483, 1900)
(4483, 1901)
(4483, 1902)
(4484, 1899)
(4484, 1900)
(4484, 1901)
(4484, 1902)
(4484, 1903)
(4485, 1900)
(4485, 1901)
(4485, 1902)
(4485, 1903)
(4485, 1904)
(4486, 1901)
(4486, 1902)
(4486, 1903)
(4486, 1904)
(4486, 1905)
(4487, 1902)
(4487, 1903)
(4487, 1904)
(4487, 1905)
(4487, 1906)
(4488, 1903)
(4488, 1904)
(4488, 1905)
(4488, 1906)
(4488, 1907)
(4489, 1904)
(4489, 1905)
(4489, 1906)
(4489, 1907)
(4489, 1908)
(4490, 1905)
(4490, 1906)
(4490, 1907)
(4490, 1908)
(4490, 1909)
(4491, 1906)
(4491, 1907)
(4491, 1908)
(4491, 1909)
(4491, 1910)
(4492, 1907)
(4492, 1908)
(4492, 1909)
(4492, 1910)
(4492, 1911)
(4493, 1908)
(4493, 1909)
(4493, 1910)
(4493, 1911)
(4493, 1912)
(4494, 1909)
(4494, 1910)
(4494, 1911)
(4494, 1912)
(4494, 1913)
(4495, 1910)
(4495, 1911)
(4495, 1912)
(4495, 1913)
(4495, 1914)
(4496, 1911)
(4496, 1912)
(4496, 1913)
(4496, 1914)
(4496, 1915)
(4497, 1912)
(4497, 1913)
(4497, 1914)
(4497, 1915)
(4497, 1916)
(4498, 1913)
(4498, 1914)
(4498, 1915)
(4498, 1916)
(4498, 1917)
(4499, 1914)
(4499, 1915)
(4499, 1916)
(4499, 1917)
(4499, 1918)
(4500, 1915)
(4500, 1916)
(4500, 1917)
(4500, 1918)
(4500, 1919)
(4501, 1916)
(4501, 1917)
(4501, 1918)
(4501, 1919)
(4501, 1920)
(4502, 1917)
(4502, 1918)
(4502, 1919)
(4502, 1920)
(4502, 1921)
(4503, 1918)
(4503, 1919)
(4503, 1920)
(4503, 1921)
(4503, 1922)
(4504, 1919)
(4504, 1920)
(4504, 1921)
(4504, 1922)
(4504, 1923)
(4505, 1920)
(4505, 1921)
(4505, 1922)
(4505, 1923)
(4505, 1924)
(4506, 1921)
(4506, 1922)
(4506, 1923)
(4506, 1924)
(4506, 1925)
(4507, 1922)
(4507, 1923)
(4507, 1924)
(4507, 1925)
(4507, 1926)
(4508, 1923)
(4508, 1924)
(4508, 1925)
(4508, 1926)
(4508, 1927)
(4509, 1924)
(4509, 1925)
(4509, 1926)
(4509, 1927)
(4509, 1928)
(4509, 1929)
(4510, 1925)
(4510, 1926)
(4510, 1927)
(4510, 1928)
(4510, 1929)
(4510, 1930)
(4511, 1926)
(4511, 1927)
(4511, 1928)
(4511, 1929)
(4511, 1930)
(4511, 1931)
(4512, 1927)
(4512, 1928)
(4512, 1929)
(4512, 1930)
(4512, 1931)
(4512, 1932)
(4513, 1928)
(4513, 1929)
(4513, 1930)
(4513, 1931)
(4513, 1932)
(4513, 1933)
(4514, 1929)
(4514, 1930)
(4514, 1931)
(4514, 1932)
(4514, 1933)
(4514, 1934)
(4515, 1930)
(4515, 1931)
(4515, 1932)
(4515, 1933)
(4515, 1934)
(4515, 1935)
(4516, 1931)
(4516, 1932)
(4516, 1933)
(4516, 1934)
(4516, 1935)
(4516, 1936)
(4517, 1932)
(4517, 1933)
(4517, 1934)
(4517, 1935)
(4517, 1936)
(4517, 1937)
(4518, 1933)
(4518, 1934)
(4518, 1935)
(4518, 1936)
(4518, 1937)
(4518, 1938)
(4519, 1934)
(4519, 1935)
(4519, 1936)
(4519, 1937)
(4519, 1938)
(4519, 1939)
(4520, 1935)
(4520, 1936)
(4520, 1937)
(4520, 1938)
(4520, 1939)
(4520, 1940)
(4521, 1936)
(4521, 1937)
(4521, 1938)
(4521, 1939)
(4521, 1940)
(4521, 1941)
(4522, 1937)
(4522, 1938)
(4522, 1939)
(4522, 1940)
(4522, 1941)
(4522, 1942)
(4523, 1938)
(4523, 1939)
(4523, 1940)
(4523, 1941)
(4523, 1942)
(4523, 1943)
(4524, 1939)
(4524, 1940)
(4524, 1941)
(4524, 1942)
(4524, 1943)
(4524, 1944)
(4525, 1940)
(4525, 1941)
(4525, 1942)
(4525, 1943)
(4525, 1944)
(4525, 1945)
(4526, 1941)
(4526, 1942)
(4526, 1943)
(4526, 1944)
(4526, 1945)
(4526, 1946)
(4527, 1942)
(4527, 1943)
(4527, 1944)
(4527, 1945)
(4527, 1946)
(4527, 1947)
(4528, 1943)
(4528, 1944)
(4528, 1945)
(4528, 1946)
(4528, 1947)
(4528, 1948)
(4529, 1944)
(4529, 1945)
(4529, 1946)
(4529, 1947)
(4529, 1948)
(4529, 1949)
(4530, 1945)
(4530, 1946)
(4530, 1947)
(4530, 1948)
(4530, 1949)
(4530, 1950)
(4531, 1946)
(4531, 1947)
(4531, 1948)
(4531, 1949)
(4531, 1950)
(4531, 1951)
(4532, 1947)
(4532, 1948)
(4532, 1949)
(4532, 1950)
(4532, 1951)
(4532, 1952)
(4533, 1948)
(4533, 1949)
(4533, 1950)
(4533, 1951)
(4533, 1952)
(4533, 1953)
(4534, 1949)
(4534, 1950)
(4534, 1951)
(4534, 1952)
(4534, 1953)
(4534, 1954)
(4535, 1950)
(4535, 1951)
(4535, 1952)
(4535, 1953)
(4535, 1954)
(4535, 1955)
(4536, 1951)
(4536, 1952)
(4536, 1953)
(4536, 1954)
(4536, 1955)
(4536, 1956)
(4537, 1952)
(4537, 1953)
(4537, 1954)
(4537, 1955)
(4537, 1956)
(4537, 1957)
(4537, 1958)
(4538, 1953)
(4538, 1954)
(4538, 1955)
(4538, 1956)
(4538, 1957)
(4538, 1958)
(4538, 1959)
(4539, 1954)
(4539, 1955)
(4539, 1956)
(4539, 1957)
(4539, 1958)
(4539, 1959)
(4539, 1960)
(4540, 1955)
(4540, 1956)
(4540, 1957)
(4540, 1958)
(4540, 1959)
(4540, 1960)
(4540, 1961)
(4541, 1956)
(4541, 1957)
(4541, 1958)
(4541, 1959)
(4541, 1960)
(4541, 1961)
(4541, 1962)
(4542, 1957)
(4542, 1958)
(4542, 1959)
(4542, 1960)
(4542, 1961)
(4542, 1962)
(4542, 1963)
(4543, 1959)
(4543, 1960)
(4543, 1961)
(4543, 1962)
(4543, 1963)
(4543, 1964)
(4544, 1960)
(4544, 1961)
(4544, 1962)
(4544, 1963)
(4544, 1964)
(4544, 1965)
(4545, 1961)
(4545, 1962)
(4545, 1963)
(4545, 1964)
(4545, 1965)
(4545, 1966)
(4546, 1962)
(4546, 1963)
(4546, 1964)
(4546, 1965)
(4546, 1966)
(4546, 1967)
(4547, 1963)
(4547, 1964)
(4547, 1965)
(4547, 1966)
(4547, 1967)
(4547, 1968)
(4547, 1969)
(4548, 1964)
(4548, 1965)
(4548, 1966)
(4548, 1967)
(4548, 1968)
(4548, 1969)
(4548, 1970)
(4549, 1965)
(4549, 1966)
(4549, 1967)
(4549, 1968)
(4549, 1969)
(4549, 1970)
(4549, 1971)
(4550, 1966)
(4550, 1967)
(4550, 1968)
(4550, 1969)
(4550, 1970)
(4550, 1971)
(4550, 1972)
(4551, 1967)
(4551, 1968)
(4551, 1969)
(4551, 1970)
(4551, 1971)
(4551, 1972)
(4551, 1973)
(4551, 1974)
(4552, 1968)
(4552, 1969)
(4552, 1970)
(4552, 1971)
(4552, 1972)
(4552, 1973)
(4552, 1974)
(4552, 1975)
(4553, 1969)
(4553, 1970)
(4553, 1971)
(4553, 1972)
(4553, 1973)
(4553, 1974)
(4553, 1975)
(4553, 1976)
(4554, 1971)
(4554, 1972)
(4554, 1973)
(4554, 1974)
(4554, 1975)
(4554, 1976)
(4554, 1977)
(4554, 1978)
(4555, 1972)
(4555, 1973)
(4555, 1974)
(4555, 1975)
(4555, 1976)
(4555, 1977)
(4555, 1978)
(4555, 1979)
(4556, 1973)
(4556, 1974)
(4556, 1975)
(4556, 1976)
(4556, 1977)
(4556, 1978)
(4556, 1979)
(4556, 1980)
(4556, 1981)
(4557, 1974)
(4557, 1975)
(4557, 1976)
(4557, 1977)
(4557, 1978)
(4557, 1979)
(4557, 1980)
(4557, 1981)
(4557, 1982)
(4557, 1983)
(4558, 1976)
(4558, 1977)
(4558, 1978)
(4558, 1979)
(4558, 1980)
(4558, 1981)
(4558, 1982)
(4558, 1983)
(4558, 1984)
(4559, 1977)
(4559, 1978)
(4559, 1979)
(4559, 1980)
(4559, 1981)
(4559, 1982)
(4559, 1983)
(4559, 1984)
(4559, 1985)
(4559, 1986)
(4560, 1979)
(4560, 1980)
(4560, 1981)
(4560, 1982)
(4560, 1983)
(4560, 1984)
(4560, 1985)
(4560, 1986)
(4560, 1987)
(4560, 1988)
(4561, 1980)
(4561, 1981)
(4561, 1982)
(4561, 1983)
(4561, 1984)
(4561, 1985)
(4561, 1986)
(4561, 1987)
(4561, 1988)
(4561, 1989)
(4561, 1990)
(4562, 1982)
(4562, 1983)
(4562, 1984)
(4562, 1985)
(4562, 1986)
(4562, 1987)
(4562, 1988)
(4562, 1989)
(4562, 1990)
(4562, 1991)
(4562, 1992)
(4563, 1983)
(4563, 1984)
(4563, 1985)
(4563, 1986)
(4563, 1987)
(4563, 1988)
(4563, 1989)
(4563, 1990)
(4563, 1991)
(4563, 1992)
(4563, 1993)
(4563, 1994)
(4564, 1985)
(4564, 1986)
(4564, 1987)
(4564, 1988)
(4564, 1989)
(4564, 1990)
(4564, 1991)
(4564, 1992)
(4564, 1993)
(4564, 1994)
(4564, 1995)
(4564, 1996)
(4564, 1997)
(4565, 1987)
(4565, 1988)
(4565, 1989)
(4565, 1990)
(4565, 1991)
(4565, 1992)
(4565, 1993)
(4565, 1994)
(4565, 1995)
(4565, 1996)
(4565, 1997)
(4565, 1998)
(4565, 1999)
(4566, 1989)
(4566, 1990)
(4566, 1991)
(4566, 1992)
(4566, 1993)
(4566, 1994)
(4566, 1995)
(4566, 1996)
(4566, 1997)
(4566, 1998)
(4566, 1999)
(4566, 2000)
(4567, 1991)
(4567, 1992)
(4567, 1993)
(4567, 1994)
(4567, 1995)
(4567, 1996)
(4567, 1997)
(4567, 1998)
(4567, 1999)
(4567, 2000)
(4567, 2001)
(4567, 2002)
(4568, 1993)
(4568, 1994)
(4568, 1995)
(4568, 1996)
(4568, 1997)
(4568, 1998)
(4568, 1999)
(4568, 2000)
(4568, 2001)
(4568, 2002)
(4568, 2003)
(4569, 1995)
(4569, 1996)
(4569, 1997)
(4569, 1998)
(4569, 1999)
(4569, 2000)
(4569, 2001)
(4569, 2002)
(4569, 2003)
(4569, 2004)
(4570, 1997)
(4570, 1998)
(4570, 1999)
(4570, 2000)
(4570, 2001)
(4570, 2002)
(4570, 2003)
(4570, 2004)
(4570, 2005)
(4571, 2000)
(4571, 2001)
(4571, 2002)
(4571, 2003)
(4571, 2004)
(4575, 3409)
(4575, 3410)
(4575, 3411)
(4575, 3412)
(4575, 3413)
(4575, 3414)
(4576, 3406)
(4576, 3407)
(4576, 3408)
(4576, 3409)
(4576, 3410)
(4576, 3411)
(4576, 3412)
(4576, 3413)
(4576, 3414)
(4576, 3415)
(4577, 3404)
(4577, 3405)
(4577, 3406)
(4577, 3407)
(4577, 3408)
(4577, 3409)
(4577, 3410)
(4577, 3411)
(4577, 3412)
(4577, 3413)
(4577, 3414)
(4578, 3402)
(4578, 3403)
(4578, 3404)
(4578, 3405)
(4578, 3406)
(4578, 3407)
(4578, 3408)
(4578, 3409)
(4578, 3410)
(4578, 3411)
(4578, 3412)
(4578, 3413)
(4578, 3414)
(4579, 3401)
(4579, 3402)
(4579, 3403)
(4579, 3404)
(4579, 3405)
(4579, 3406)
(4579, 3407)
(4579, 3408)
(4579, 3409)
(4579, 3410)
(4579, 3411)
(4579, 3412)
(4580, 3399)
(4580, 3400)
(4580, 3401)
(4580, 3402)
(4580, 3403)
(4580, 3404)
(4580, 3405)
(4580, 3406)
(4580, 3407)
(4580, 3408)
(4580, 3409)
(4580, 3410)
(4580, 3411)
(4581, 3397)
(4581, 3398)
(4581, 3399)
(4581, 3400)
(4581, 3401)
(4581, 3402)
(4581, 3403)
(4581, 3404)
(4581, 3405)
(4581, 3406)
(4581, 3407)
(4581, 3408)
(4582, 3395)
(4582, 3396)
(4582, 3397)
(4582, 3398)
(4582, 3399)
(4582, 3400)
(4582, 3401)
(4582, 3402)
(4582, 3403)
(4582, 3404)
(4582, 3405)
(4582, 3406)
(4583, 3394)
(4583, 3395)
(4583, 3396)
(4583, 3397)
(4583, 3398)
(4583, 3399)
(4583, 3400)
(4583, 3401)
(4583, 3402)
(4583, 3403)
(4584, 3392)
(4584, 3393)
(4584, 3394)
(4584, 3395)
(4584, 3396)
(4584, 3397)
(4584, 3398)
(4584, 3399)
(4584, 3400)
(4585, 3390)
(4585, 3391)
(4585, 3392)
(4585, 3393)
(4585, 3394)
(4585, 3395)
(4585, 3396)
(4585, 3397)
(4585, 3398)
(4586, 3388)
(4586, 3389)
(4586, 3390)
(4586, 3391)
(4586, 3392)
(4586, 3393)
(4586, 3394)
(4586, 3395)
(4586, 3396)
(4587, 3386)
(4587, 3387)
(4587, 3388)
(4587, 3389)
(4587, 3390)
(4587, 3391)
(4587, 3392)
(4587, 3393)
(4588, 3385)
(4588, 3386)
(4588, 3387)
(4588, 3388)
(4588, 3389)
(4588, 3390)
(4588, 3391)
(4588, 3392)
(4589, 3383)
(4589, 3384)
(4589, 3385)
(4589, 3386)
(4589, 3387)
(4589, 3388)
(4589, 3389)
(4589, 3390)
(4590, 3382)
(4590, 3383)
(4590, 3384)
(4590, 3385)
(4590, 3386)
(4590, 3387)
(4590, 3388)
(4591, 3380)
(4591, 3381)
(4591, 3382)
(4591, 3383)
(4591, 3384)
(4591, 3385)
(4591, 3386)
(4592, 3379)
(4592, 3380)
(4592, 3381)
(4592, 3382)
(4592, 3383)
(4592, 3384)
(4592, 3385)
(4593, 3377)
(4593, 3378)
(4593, 3379)
(4593, 3380)
(4593, 3381)
(4593, 3382)
(4593, 3383)
(4593, 3384)
(4594, 3376)
(4594, 3377)
(4594, 3378)
(4594, 3379)
(4594, 3380)
(4594, 3381)
(4594, 3382)
(4595, 3375)
(4595, 3376)
(4595, 3377)
(4595, 3378)
(4595, 3379)
(4595, 3380)
(4595, 3381)
(4596, 3373)
(4596, 3374)
(4596, 3375)
(4596, 3376)
(4596, 3377)
(4596, 3378)
(4596, 3379)
(4597, 3372)
(4597, 3373)
(4597, 3374)
(4597, 3375)
(4597, 3376)
(4597, 3377)
(4597, 3378)
(4598, 3370)
(4598, 3371)
(4598, 3372)
(4598, 3373)
(4598, 3374)
(4598, 3375)
(4598, 3376)
(4599, 3369)
(4599, 3370)
(4599, 3371)
(4599, 3372)
(4599, 3373)
(4599, 3374)
(4599, 3375)
(4600, 3368)
(4600, 3369)
(4600, 3370)
(4600, 3371)
(4600, 3372)
(4600, 3373)
(4600, 3374)
(4601, 3366)
(4601, 3367)
(4601, 3368)
(4601, 3369)
(4601, 3370)
(4601, 3371)
(4601, 3372)
(4602, 3365)
(4602, 3366)
(4602, 3367)
(4602, 3368)
(4602, 3369)
(4602, 3370)
(4602, 3371)
(4603, 3364)
(4603, 3365)
(4603, 3366)
(4603, 3367)
(4603, 3368)
(4603, 3369)
(4603, 3370)
(4604, 3362)
(4604, 3363)
(4604, 3364)
(4604, 3365)
(4604, 3366)
(4604, 3367)
(4604, 3368)
(4605, 3361)
(4605, 3362)
(4605, 3363)
(4605, 3364)
(4605, 3365)
(4605, 3366)
(4605, 3367)
(4606, 3360)
(4606, 3361)
(4606, 3362)
(4606, 3363)
(4606, 3364)
(4606, 3365)
(4606, 3366)
(4607, 3358)
(4607, 3359)
(4607, 3360)
(4607, 3361)
(4607, 3362)
(4607, 3363)
(4607, 3364)
(4608, 3357)
(4608, 3358)
(4608, 3359)
(4608, 3360)
(4608, 3361)
(4608, 3362)
(4608, 3363)
(4609, 3355)
(4609, 3356)
(4609, 3357)
(4609, 3358)
(4609, 3359)
(4609, 3360)
(4609, 3361)
(4610, 3354)
(4610, 3355)
(4610, 3356)
(4610, 3357)
(4610, 3358)
(4610, 3359)
(4610, 3360)
(4611, 3352)
(4611, 3353)
(4611, 3354)
(4611, 3355)
(4611, 3356)
(4611, 3357)
(4611, 3358)
(4612, 3350)
(4612, 3351)
(4612, 3352)
(4612, 3353)
(4612, 3354)
(4612, 3355)
(4612, 3356)
(4612, 3357)
(4613, 3349)
(4613, 3350)
(4613, 3351)
(4613, 3352)
(4613, 3353)
(4613, 3354)
(4613, 3355)
(4614, 3347)
(4614, 3348)
(4614, 3349)
(4614, 3350)
(4614, 3351)
(4614, 3352)
(4614, 3353)
(4614, 3354)
(4615, 3345)
(4615, 3346)
(4615, 3347)
(4615, 3348)
(4615, 3349)
(4615, 3350)
(4615, 3351)
(4615, 3352)
(4616, 3343)
(4616, 3344)
(4616, 3345)
(4616, 3346)
(4616, 3347)
(4616, 3348)
(4616, 3349)
(4616, 3350)
(4617, 3341)
(4617, 3342)
(4617, 3343)
(4617, 3344)
(4617, 3345)
(4617, 3346)
(4617, 3347)
(4617, 3348)
(4617, 3349)
(4618, 3340)
(4618, 3341)
(4618, 3342)
(4618, 3343)
(4618, 3344)
(4618, 3345)
(4618, 3346)
(4618, 3347)
(4619, 3338)
(4619, 3339)
(4619, 3340)
(4619, 3341)
(4619, 3342)
(4619, 3343)
(4619, 3344)
(4619, 3345)
(4620, 3336)
(4620, 3337)
(4620, 3338)
(4620, 3339)
(4620, 3340)
(4620, 3341)
(4620, 3342)
(4620, 3343)
(4621, 3335)
(4621, 3336)
(4621, 3337)
(4621, 3338)
(4621, 3339)
(4621, 3340)
(4622, 3335)
(4622, 3336)
(4622, 3337)
