(1294, 533)
(1294, 534)
(1294, 535)
(1294, 536)
(1294, 537)
(1294, 538)
(1294, 539)
(1295, 531)
(1295, 532)
(1295, 533)
(1295, 534)
(1295, 535)
(1295, 536)
(1295, 537)
(1295, 538)
(1295, 539)
(1295, 540)
(1295, 541)
(1296, 530)
(1296, 531)
(1296, 532)
(1296, 533)
(1296, 534)
(1296, 535)
(1296, 536)
(1296, 537)
(1296, 538)
(1296, 539)
(1296, 540)
(1296, 541)
(1296, 542)
(1297, 529)
(1297, 530)
(1297, 531)
(1297, 532)
(1297, 533)
(1297, 534)
(1297, 535)
(1297, 536)
(1297, 537)
(1297, 538)
(1297, 539)
(1297, 540)
(1297, 541)
(1297, 542)
(1297, 543)
(1298, 529)
(1298, 530)
(1298, 531)
(1298, 532)
(1298, 533)
(1298, 534)
(1298, 535)
(1298, 536)
(1298, 537)
(1298, 538)
(1298, 539)
(1298, 540)
(1298, 541)
(1298, 542)
(1298, 543)
(1298, 544)
(1298, 545)
(1299, 529)
(1299, 530)
(1299, 531)
(1299, 532)
(1299, 533)
(1299, 534)
(1299, 535)
(1299, 536)
(1299, 537)
(1299, 538)
(1299, 539)
(1299, 540)
(1299, 541)
(1299, 542)
(1299, 543)
(1299, 544)
(1299, 545)
(1299, 546)
(1300, 529)
(1300, 530)
(1300, 531)
(1300, 532)
(1300, 533)
(1300, 534)
(1300, 535)
(1300, 536)
(1300, 537)
(1300, 538)
(1300, 539)
(1300, 540)
(1300, 541)
(1300, 542)
(1300, 543)
(1300, 544)
(1300, 545)
(1300, 546)
(1300, 547)
(1301, 529)
(1301, 530)
(1301, 531)
(1301, 532)
(1301, 533)
(1301, 534)
(1301, 535)
(1301, 536)
(1301, 537)
(1301, 538)
(1301, 539)
(1301, 540)
(1301, 541)
(1301, 542)
(1301, 543)
(1301, 544)
(1301, 545)
(1301, 546)
(1301, 547)
(1301, 548)
(1302, 529)
(1302, 530)
(1302, 531)
(1302, 532)
(1302, 533)
(1302, 534)
(1302, 535)
(1302, 536)
(1302, 537)
(1302, 538)
(1302, 539)
(1302, 540)
(1302, 541)
(1302, 542)
(1302, 543)
(1302, 544)
(1302, 545)
(1302, 546)
(1302, 547)
(1302, 548)
(1302, 549)
(1303, 530)
(1303, 531)
(1303, 532)
(1303, 533)
(1303, 534)
(1303, 535)
(1303, 536)
(1303, 537)
(1303, 538)
(1303, 539)
(1303, 540)
(1303, 541)
(1303, 542)
(1303, 543)
(1303, 544)
(1303, 545)
(1303, 546)
(1303, 547)
(1303, 548)
(1303, 549)
(1303, 550)
(1304, 531)
(1304, 532)
(1304, 533)
(1304, 534)
(1304, 535)
(1304, 536)
(1304, 537)
(1304, 538)
(1304, 539)
(1304, 540)
(1304, 541)
(1304, 542)
(1304, 543)
(1304, 544)
(1304, 545)
(1304, 546)
(1304, 547)
(1304, 548)
(1304, 549)
(1304, 550)
(1304, 551)
(1305, 531)
(1305, 532)
(1305, 533)
(1305, 534)
(1305, 535)
(1305, 536)
(1305, 537)
(1305, 538)
(1305, 539)
(1305, 540)
(1305, 541)
(1305, 542)
(1305, 543)
(1305, 544)
(1305, 545)
(1305, 546)
(1305, 547)
(1305, 548)
(1305, 549)
(1305, 550)
(1305, 551)
(1305, 552)
(1306, 533)
(1306, 534)
(1306, 535)
(1306, 536)
(1306, 537)
(1306, 538)
(1306, 539)
(1306, 540)
(1306, 541)
(1306, 542)
(1306, 543)
(1306, 544)
(1306, 545)
(1306, 546)
(1306, 547)
(1306, 548)
(1306, 549)
(1306, 550)
(1306, 551)
(1306, 552)
(1306, 553)
(1307, 534)
(1307, 535)
(1307, 536)
(1307, 537)
(1307, 538)
(1307, 539)
(1307, 540)
(1307, 541)
(1307, 542)
(1307, 543)
(1307, 544)
(1307, 545)
(1307, 546)
(1307, 547)
(1307, 548)
(1307, 549)
(1307, 550)
(1307, 551)
(1307, 552)
(1307, 553)
(1307, 554)
(1308, 536)
(1308, 537)
(1308, 538)
(1308, 539)
(1308, 540)
(1308, 541)
(1308, 542)
(1308, 543)
(1308, 544)
(1308, 545)
(1308, 546)
(1308, 547)
(1308, 548)
(1308, 549)
(1308, 550)
(1308, 551)
(1308, 552)
(1308, 553)
(1308, 554)
(1308, 555)
(1309, 537)
(1309, 538)
(1309, 539)
(1309, 540)
(1309, 541)
(1309, 542)
(1309, 543)
(1309, 544)
(1309, 545)
(1309, 546)
(1309, 547)
(1309, 548)
(1309, 549)
(1309, 550)
(1309, 551)
(1309, 552)
(1309, 553)
(1309, 554)
(1309, 555)
(1309, 556)
(1310, 539)
(1310, 540)
(1310, 541)
(1310, 542)
(1310, 543)
(1310, 544)
(1310, 545)
(1310, 546)
(1310, 547)
(1310, 548)
(1310, 549)
(1310, 550)
(1310, 551)
(1310, 552)
(1310, 553)
(1310, 554)
(1310, 555)
(1310, 556)
(1310, 557)
(1311, 541)
(1311, 542)
(1311, 543)
(1311, 544)
(1311, 545)
(1311, 546)
(1311, 547)
(1311, 548)
(1311, 549)
(1311, 550)
(1311, 551)
(1311, 552)
(1311, 553)
(1311, 554)
(1311, 555)
(1311, 556)
(1311, 557)
(1311, 558)
(1312, 542)
(1312, 543)
(1312, 544)
(1312, 545)
(1312, 546)
(1312, 547)
(1312, 548)
(1312, 549)
(1312, 550)
(1312, 551)
(1312, 552)
(1312, 553)
(1312, 554)
(1312, 555)
(1312, 556)
(1312, 557)
(1312, 558)
(1312, 559)
(1313, 544)
(1313, 545)
(1313, 546)
(1313, 547)
(1313, 548)
(1313, 549)
(1313, 550)
(1313, 551)
(1313, 552)
(1313, 553)
(1313, 554)
(1313, 555)
(1313, 556)
(1313, 557)
(1313, 558)
(1313, 559)
(1313, 560)
(1314, 546)
(1314, 547)
(1314, 548)
(1314, 549)
(1314, 550)
(1314, 551)
(1314, 552)
(1314, 553)
(1314, 554)
(1314, 555)
(1314, 556)
(1314, 557)
(1314, 558)
(1314, 559)
(1314, 560)
(1314, 561)
(1315, 547)
(1315, 548)
(1315, 549)
(1315, 550)
(1315, 551)
(1315, 552)
(1315, 553)
(1315, 554)
(1315, 555)
(1315, 556)
(1315, 557)
(1315, 558)
(1315, 559)
(1315, 560)
(1315, 561)
(1315, 562)
(1316, 549)
(1316, 550)
(1316, 551)
(1316, 552)
(1316, 553)
(1316, 554)
(1316, 555)
(1316, 556)
(1316, 557)
(1316, 558)
(1316, 559)
(1316, 560)
(1316, 561)
(1316, 562)
(1316, 563)
(1317, 550)
(1317, 551)
(1317, 552)
(1317, 553)
(1317, 554)
(1317, 555)
(1317, 556)
(1317, 557)
(1317, 558)
(1317, 559)
(1317, 560)
(1317, 561)
(1317, 562)
(1317, 563)
(1317, 564)
(1318, 552)
(1318, 553)
(1318, 554)
(1318, 555)
(1318, 556)
(1318, 557)
(1318, 558)
(1318, 559)
(1318, 560)
(1318, 561)
(1318, 562)
(1318, 563)
(1318, 564)
(1318, 565)
(1319, 553)
(1319, 554)
(1319, 555)
(1319, 556)
(1319, 557)
(1319, 558)
(1319, 559)
(1319, 560)
(1319, 561)
(1319, 562)
(1319, 563)
(1319, 564)
(1319, 565)
(1319, 566)
(1320, 555)
(1320, 556)
(1320, 557)
(1320, 558)
(1320, 559)
(1320, 560)
(1320, 561)
(1320, 562)
(1320, 563)
(1320, 564)
(1320, 565)
(1320, 566)
(1320, 567)
(1321, 556)
(1321, 557)
(1321, 558)
(1321, 559)
(1321, 560)
(1321, 561)
(1321, 562)
(1321, 563)
(1321, 564)
(1321, 565)
(1321, 566)
(1321, 567)
(1322, 557)
(1322, 558)
(1322, 559)
(1322, 560)
(1322, 561)
(1322, 562)
(1322, 563)
(1322, 564)
(1322, 565)
(1322, 566)
(1322, 567)
(1322, 568)
(1323, 559)
(1323, 560)
(1323, 561)
(1323, 562)
(1323, 563)
(1323, 564)
(1323, 565)
(1323, 566)
(1323, 567)
(1323, 568)
(1323, 569)
(1324, 560)
(1324, 561)
(1324, 562)
(1324, 563)
(1324, 564)
(1324, 565)
(1324, 566)
(1324, 567)
(1324, 568)
(1324, 569)
(1324, 570)
(1325, 561)
(1325, 562)
(1325, 563)
(1325, 564)
(1325, 565)
(1325, 566)
(1325, 567)
(1325, 568)
(1325, 569)
(1325, 570)
(1325, 571)
(1326, 562)
(1326, 563)
(1326, 564)
(1326, 565)
(1326, 566)
(1326, 567)
(1326, 568)
(1326, 569)
(1326, 570)
(1326, 571)
(1326, 572)
(1327, 563)
(1327, 564)
(1327, 565)
(1327, 566)
(1327, 567)
(1327, 568)
(1327, 569)
(1327, 570)
(1327, 571)
(1327, 572)
(1327, 573)
(1328, 565)
(1328, 566)
(1328, 567)
(1328, 568)
(1328, 569)
(1328, 570)
(1328, 571)
(1328, 572)
(1328, 573)
(1328, 574)
(1329, 566)
(1329, 567)
(1329, 568)
(1329, 569)
(1329, 570)
(1329, 571)
(1329, 572)
(1329, 573)
(1329, 574)
(1329, 575)
(1330, 567)
(1330, 568)
(1330, 569)
(1330, 570)
(1330, 571)
(1330, 572)
(1330, 573)
(1330, 574)
(1330, 575)
(1330, 576)
(1331, 568)
(1331, 569)
(1331, 570)
(1331, 571)
(1331, 572)
(1331, 573)
(1331, 574)
(1331, 575)
(1331, 576)
(1331, 577)
(1332, 569)
(1332, 570)
(1332, 571)
(1332, 572)
(1332, 573)
(1332, 574)
(1332, 575)
(1332, 576)
(1332, 577)
(1332, 578)
(1333, 570)
(1333, 571)
(1333, 572)
(1333, 573)
(1333, 574)
(1333, 575)
(1333, 576)
(1333, 577)
(1333, 578)
(1333, 579)
(1334, 571)
(1334, 572)
(1334, 573)
(1334, 574)
(1334, 575)
(1334, 576)
(1334, 577)
(1334, 578)
(1334, 579)
(1334, 580)
(1335, 572)
(1335, 573)
(1335, 574)
(1335, 575)
(1335, 576)
(1335, 577)
(1335, 578)
(1335, 579)
(1335, 580)
(1335, 581)
(1336, 573)
(1336, 574)
(1336, 575)
(1336, 576)
(1336, 577)
(1336, 578)
(1336, 579)
(1336, 580)
(1336, 581)
(1336, 582)
(1337, 575)
(1337, 576)
(1337, 577)
(1337, 578)
(1337, 579)
(1337, 580)
(1337, 581)
(1337, 582)
(1337, 583)
(1338, 576)
(1338, 577)
(1338, 578)
(1338, 579)
(1338, 580)
(1338, 581)
(1338, 582)
(1338, 583)
(1338, 584)
(1339, 577)
(1339, 578)
(1339, 579)
(1339, 580)
(1339, 581)
(1339, 582)
(1339, 583)
(1339, 584)
(1339, 585)
(1340, 578)
(1340, 579)
(1340, 580)
(1340, 581)
(1340, 582)
(1340, 583)
(1340, 584)
(1340, 585)
(1340, 586)
(1341, 579)
(1341, 580)
(1341, 581)
(1341, 582)
(1341, 583)
(1341, 584)
(1341, 585)
(1341, 586)
(1341, 587)
(1342, 580)
(1342, 581)
(1342, 582)
(1342, 583)
(1342, 584)
(1342, 585)
(1342, 586)
(1342, 587)
(1342, 588)
(1343, 581)
(1343, 582)
(1343, 583)
(1343, 584)
(1343, 585)
(1343, 586)
(1343, 587)
(1343, 588)
(1343, 589)
(1344, 582)
(1344, 583)
(1344, 584)
(1344, 585)
(1344, 586)
(1344, 587)
(1344, 588)
(1344, 589)
(1344, 590)
(1345, 583)
(1345, 584)
(1345, 585)
(1345, 586)
(1345, 587)
(1345, 588)
(1345, 589)
(1345, 590)
(1345, 591)
(1346, 584)
(1346, 585)
(1346, 586)
(1346, 587)
(1346, 588)
(1346, 589)
(1346, 590)
(1346, 591)
(1346, 592)
(1347, 585)
(1347, 586)
(1347, 587)
(1347, 588)
(1347, 589)
(1347, 590)
(1347, 591)
(1347, 592)
(1347, 593)
(1348, 586)
(1348, 587)
(1348, 588)
(1348, 589)
(1348, 590)
(1348, 591)
(1348, 592)
(1348, 593)
(1348, 594)
(1349, 587)
(1349, 588)
(1349, 589)
(1349, 590)
(1349, 591)
(1349, 592)
(1349, 593)
(1349, 594)
(1349, 595)
(1350, 588)
(1350, 589)
(1350, 590)
(1350, 591)
(1350, 592)
(1350, 593)
(1350, 594)
(1350, 595)
(1350, 596)
(1351, 589)
(1351, 590)
(1351, 591)
(1351, 592)
(1351, 593)
(1351, 594)
(1351, 595)
(1351, 596)
(1351, 597)
(1352, 590)
(1352, 591)
(1352, 592)
(1352, 593)
(1352, 594)
(1352, 595)
(1352, 596)
(1352, 597)
(1352, 598)
(1353, 592)
(1353, 593)
(1353, 594)
(1353, 595)
(1353, 596)
(1353, 597)
(1353, 598)
(1353, 599)
(1354, 593)
(1354, 594)
(1354, 595)
(1354, 596)
(1354, 597)
(1354, 598)
(1354, 599)
(1354, 600)
(1355, 594)
(1355, 595)
(1355, 596)
(1355, 597)
(1355, 598)
(1355, 599)
(1355, 600)
(1355, 601)
(1355, 602)
(1356, 595)
(1356, 596)
(1356, 597)
(1356, 598)
(1356, 599)
(1356, 600)
(1356, 601)
(1356, 602)
(1356, 603)
(1357, 596)
(1357, 597)
(1357, 598)
(1357, 599)
(1357, 600)
(1357, 601)
(1357, 602)
(1357, 603)
(1357, 604)
(1358, 597)
(1358, 598)
(1358, 599)
(1358, 600)
(1358, 601)
(1358, 602)
(1358, 603)
(1358, 604)
(1358, 605)
(1359, 598)
(1359, 599)
(1359, 600)
(1359, 601)
(1359, 602)
(1359, 603)
(1359, 604)
(1359, 605)
(1359, 606)
(1360, 599)
(1360, 600)
(1360, 601)
(1360, 602)
(1360, 603)
(1360, 604)
(1360, 605)
(1360, 606)
(1360, 607)
(1361, 600)
(1361, 601)
(1361, 602)
(1361, 603)
(1361, 604)
(1361, 605)
(1361, 606)
(1361, 607)
(1361, 608)
(1362, 601)
(1362, 602)
(1362, 603)
(1362, 604)
(1362, 605)
(1362, 606)
(1362, 607)
(1362, 608)
(1362, 609)
(1363, 602)
(1363, 603)
(1363, 604)
(1363, 605)
(1363, 606)
(1363, 607)
(1363, 608)
(1363, 609)
(1363, 610)
(1364, 603)
(1364, 604)
(1364, 605)
(1364, 606)
(1364, 607)
(1364, 608)
(1364, 609)
(1364, 610)
(1364, 611)
(1365, 604)
(1365, 605)
(1365, 606)
(1365, 607)
(1365, 608)
(1365, 609)
(1365, 610)
(1365, 611)
(1365, 612)
(1366, 605)
(1366, 606)
(1366, 607)
(1366, 608)
(1366, 609)
(1366, 610)
(1366, 611)
(1366, 612)
(1366, 613)
(1367, 606)
(1367, 607)
(1367, 608)
(1367, 609)
(1367, 610)
(1367, 611)
(1367, 612)
(1367, 613)
(1367, 614)
(1368, 607)
(1368, 608)
(1368, 609)
(1368, 610)
(1368, 611)
(1368, 612)
(1368, 613)
(1368, 614)
(1368, 615)
(1369, 608)
(1369, 609)
(1369, 610)
(1369, 611)
(1369, 612)
(1369, 613)
(1369, 614)
(1369, 615)
(1369, 616)
(1370, 609)
(1370, 610)
(1370, 611)
(1370, 612)
(1370, 613)
(1370, 614)
(1370, 615)
(1370, 616)
(1370, 617)
(1371, 610)
(1371, 611)
(1371, 612)
(1371, 613)
(1371, 614)
(1371, 615)
(1371, 616)
(1371, 617)
(1371, 618)
(1372, 611)
(1372, 612)
(1372, 613)
(1372, 614)
(1372, 615)
(1372, 616)
(1372, 617)
(1372, 618)
(1372, 619)
(1373, 612)
(1373, 613)
(1373, 614)
(1373, 615)
(1373, 616)
(1373, 617)
(1373, 618)
(1373, 619)
(1373, 620)
(1373, 621)
(1374, 614)
(1374, 615)
(1374, 616)
(1374, 617)
(1374, 618)
(1374, 619)
(1374, 620)
(1374, 621)
(1374, 622)
(1375, 615)
(1375, 616)
(1375, 617)
(1375, 618)
(1375, 619)
(1375, 620)
(1375, 621)
(1375, 622)
(1375, 623)
(1376, 616)
(1376, 617)
(1376, 618)
(1376, 619)
(1376, 620)
(1376, 621)
(1376, 622)
(1376, 623)
(1376, 624)
(1377, 617)
(1377, 618)
(1377, 619)
(1377, 620)
(1377, 621)
(1377, 622)
(1377, 623)
(1377, 624)
(1377, 625)
(1378, 618)
(1378, 619)
(1378, 620)
(1378, 621)
(1378, 622)
(1378, 623)
(1378, 624)
(1378, 625)
(1378, 626)
(1379, 619)
(1379, 620)
(1379, 621)
(1379, 622)
(1379, 623)
(1379, 624)
(1379, 625)
(1379, 626)
(1379, 627)
(1380, 620)
(1380, 621)
(1380, 622)
(1380, 623)
(1380, 624)
(1380, 625)
(1380, 626)
(1380, 627)
(1380, 628)
(1381, 621)
(1381, 622)
(1381, 623)
(1381, 624)
(1381, 625)
(1381, 626)
(1381, 627)
(1381, 628)
(1381, 629)
(1382, 622)
(1382, 623)
(1382, 624)
(1382, 625)
(1382, 626)
(1382, 627)
(1382, 628)
(1382, 629)
(1382, 630)
(1383, 623)
(1383, 624)
(1383, 625)
(1383, 626)
(1383, 627)
(1383, 628)
(1383, 629)
(1383, 630)
(1383, 631)
(1384, 624)
(1384, 625)
(1384, 626)
(1384, 627)
(1384, 628)
(1384, 629)
(1384, 630)
(1384, 631)
(1384, 632)
(1385, 625)
(1385, 626)
(1385, 627)
(1385, 628)
(1385, 629)
(1385, 630)
(1385, 631)
(1385, 632)
(1385, 633)
(1386, 626)
(1386, 627)
(1386, 628)
(1386, 629)
(1386, 630)
(1386, 631)
(1386, 632)
(1386, 633)
(1386, 634)
(1387, 627)
(1387, 628)
(1387, 629)
(1387, 630)
(1387, 631)
(1387, 632)
(1387, 633)
(1387, 634)
(1387, 635)
(1388, 629)
(1388, 630)
(1388, 631)
(1388, 632)
(1388, 633)
(1388, 634)
(1388, 635)
(1388, 636)
(1389, 630)
(1389, 631)
(1389, 632)
(1389, 633)
(1389, 634)
(1389, 635)
(1389, 636)
(1389, 637)
(1390, 631)
(1390, 632)
(1390, 633)
(1390, 634)
(1390, 635)
(1390, 636)
(1390, 637)
(1390, 638)
(1391, 632)
(1391, 633)
(1391, 634)
(1391, 635)
(1391, 636)
(1391, 637)
(1391, 638)
(1391, 639)
(1392, 633)
(1392, 634)
(1392, 635)
(1392, 636)
(1392, 637)
(1392, 638)
(1392, 639)
(1392, 640)
(1393, 634)
(1393, 635)
(1393, 636)
(1393, 637)
(1393, 638)
(1393, 639)
(1393, 640)
(1393, 641)
(1394, 635)
(1394, 636)
(1394, 637)
(1394, 638)
(1394, 639)
(1394, 640)
(1394, 641)
(1394, 642)
(1395, 636)
(1395, 637)
(1395, 638)
(1395, 639)
(1395, 640)
(1395, 641)
(1395, 642)
(1395, 643)
(1396, 637)
(1396, 638)
(1396, 639)
(1396, 640)
(1396, 641)
(1396, 642)
(1396, 643)
(1396, 644)
(1397, 638)
(1397, 639)
(1397, 640)
(1397, 641)
(1397, 642)
(1397, 643)
(1397, 644)
(1397, 645)
(1398, 639)
(1398, 640)
(1398, 641)
(1398, 642)
(1398, 643)
(1398, 644)
(1398, 645)
(1398, 646)
(1398, 647)
(1399, 640)
(1399, 641)
(1399, 642)
(1399, 643)
(1399, 644)
(1399, 645)
(1399, 646)
(1399, 647)
(1399, 648)
(1400, 642)
(1400, 643)
(1400, 644)
(1400, 645)
(1400, 646)
(1400, 647)
(1400, 648)
(1400, 649)
(1401, 643)
(1401, 644)
(1401, 645)
(1401, 646)
(1401, 647)
(1401, 648)
(1401, 649)
(1401, 650)
(1402, 644)
(1402, 645)
(1402, 646)
(1402, 647)
(1402, 648)
(1402, 649)
(1402, 650)
(1402, 651)
(1403, 645)
(1403, 646)
(1403, 647)
(1403, 648)
(1403, 649)
(1403, 650)
(1403, 651)
(1403, 652)
(1404, 646)
(1404, 647)
(1404, 648)
(1404, 649)
(1404, 650)
(1404, 651)
(1404, 652)
(1404, 653)
(1405, 647)
(1405, 648)
(1405, 649)
(1405, 650)
(1405, 651)
(1405, 652)
(1405, 653)
(1405, 654)
(1406, 648)
(1406, 649)
(1406, 650)
(1406, 651)
(1406, 652)
(1406, 653)
(1406, 654)
(1406, 655)
(1407, 649)
(1407, 650)
(1407, 651)
(1407, 652)
(1407, 653)
(1407, 654)
(1407, 655)
(1407, 656)
(1408, 650)
(1408, 651)
(1408, 652)
(1408, 653)
(1408, 654)
(1408, 655)
(1408, 656)
(1408, 657)
(1409, 651)
(1409, 652)
(1409, 653)
(1409, 654)
(1409, 655)
(1409, 656)
(1409, 657)
(1409, 658)
(1409, 659)
(1410, 652)
(1410, 653)
(1410, 654)
(1410, 655)
(1410, 656)
(1410, 657)
(1410, 658)
(1410, 659)
(1410, 660)
(1411, 654)
(1411, 655)
(1411, 656)
(1411, 657)
(1411, 658)
(1411, 659)
(1411, 660)
(1411, 661)
(1412, 655)
(1412, 656)
(1412, 657)
(1412, 658)
(1412, 659)
(1412, 660)
(1412, 661)
(1412, 662)
(1413, 656)
(1413, 657)
(1413, 658)
(1413, 659)
(1413, 660)
(1413, 661)
(1413, 662)
(1413, 663)
(1414, 657)
(1414, 658)
(1414, 659)
(1414, 660)
(1414, 661)
(1414, 662)
(1414, 663)
(1414, 664)
(1415, 658)
(1415, 659)
(1415, 660)
(1415, 661)
(1415, 662)
(1415, 663)
(1415, 664)
(1415, 665)
(1416, 659)
(1416, 660)
(1416, 661)
(1416, 662)
(1416, 663)
(1416, 664)
(1416, 665)
(1416, 666)
(1417, 660)
(1417, 661)
(1417, 662)
(1417, 663)
(1417, 664)
(1417, 665)
(1417, 666)
(1417, 667)
(1418, 661)
(1418, 662)
(1418, 663)
(1418, 664)
(1418, 665)
(1418, 666)
(1418, 667)
(1418, 668)
(1419, 662)
(1419, 663)
(1419, 664)
(1419, 665)
(1419, 666)
(1419, 667)
(1419, 668)
(1419, 669)
(1419, 670)
(1420, 663)
(1420, 664)
(1420, 665)
(1420, 666)
(1420, 667)
(1420, 668)
(1420, 669)
(1420, 670)
(1420, 671)
(1421, 665)
(1421, 666)
(1421, 667)
(1421, 668)
(1421, 669)
(1421, 670)
(1421, 671)
(1421, 672)
(1422, 666)
(1422, 667)
(1422, 668)
(1422, 669)
(1422, 670)
(1422, 671)
(1422, 672)
(1422, 673)
(1423, 667)
(1423, 668)
(1423, 669)
(1423, 670)
(1423, 671)
(1423, 672)
(1423, 673)
(1423, 674)
(1424, 668)
(1424, 669)
(1424, 670)
(1424, 671)
(1424, 672)
(1424, 673)
(1424, 674)
(1424, 675)
(1425, 669)
(1425, 670)
(1425, 671)
(1425, 672)
(1425, 673)
(1425, 674)
(1425, 675)
(1425, 676)
(1426, 670)
(1426, 671)
(1426, 672)
(1426, 673)
(1426, 674)
(1426, 675)
(1426, 676)
(1426, 677)
(1427, 671)
(1427, 672)
(1427, 673)
(1427, 674)
(1427, 675)
(1427, 676)
(1427, 677)
(1427, 678)
(1428, 672)
(1428, 673)
(1428, 674)
(1428, 675)
(1428, 676)
(1428, 677)
(1428, 678)
(1428, 679)
(1429, 673)
(1429, 674)
(1429, 675)
(1429, 676)
(1429, 677)
(1429, 678)
(1429, 679)
(1429, 680)
(1429, 681)
(1430, 674)
(1430, 675)
(1430, 676)
(1430, 677)
(1430, 678)
(1430, 679)
(1430, 680)
(1430, 681)
(1430, 682)
(1431, 676)
(1431, 677)
(1431, 678)
(1431, 679)
(1431, 680)
(1431, 681)
(1431, 682)
(1431, 683)
(1432, 677)
(1432, 678)
(1432, 679)
(1432, 680)
(1432, 681)
(1432, 682)
(1432, 683)
(1432, 684)
(1433, 678)
(1433, 679)
(1433, 680)
(1433, 681)
(1433, 682)
(1433, 683)
(1433, 684)
(1433, 685)
(1434, 679)
(1434, 680)
(1434, 681)
(1434, 682)
(1434, 683)
(1434, 684)
(1434, 685)
(1434, 686)
(1435, 680)
(1435, 681)
(1435, 682)
(1435, 683)
(1435, 684)
(1435, 685)
(1435, 686)
(1435, 687)
(1436, 681)
(1436, 682)
(1436, 683)
(1436, 684)
(1436, 685)
(1436, 686)
(1436, 687)
(1436, 688)
(1437, 682)
(1437, 683)
(1437, 684)
(1437, 685)
(1437, 686)
(1437, 687)
(1437, 688)
(1437, 689)
(1438, 683)
(1438, 684)
(1438, 685)
(1438, 686)
(1438, 687)
(1438, 688)
(1438, 689)
(1438, 690)
(1438, 691)
(1439, 685)
(1439, 686)
(1439, 687)
(1439, 688)
(1439, 689)
(1439, 690)
(1439, 691)
(1439, 692)
(1440, 686)
(1440, 687)
(1440, 688)
(1440, 689)
(1440, 690)
(1440, 691)
(1440, 692)
(1440, 693)
(1441, 687)
(1441, 688)
(1441, 689)
(1441, 690)
(1441, 691)
(1441, 692)
(1441, 693)
(1441, 694)
(1442, 688)
(1442, 689)
(1442, 690)
(1442, 691)
(1442, 692)
(1442, 693)
(1442, 694)
(1442, 695)
(1443, 689)
(1443, 690)
(1443, 691)
(1443, 692)
(1443, 693)
(1443, 694)
(1443, 695)
(1443, 696)
(1444, 690)
(1444, 691)
(1444, 692)
(1444, 693)
(1444, 694)
(1444, 695)
(1444, 696)
(1444, 697)
(1445, 691)
(1445, 692)
(1445, 693)
(1445, 694)
(1445, 695)
(1445, 696)
(1445, 697)
(1445, 698)
(1446, 692)
(1446, 693)
(1446, 694)
(1446, 695)
(1446, 696)
(1446, 697)
(1446, 698)
(1446, 699)
(1446, 700)
(1447, 694)
(1447, 695)
(1447, 696)
(1447, 697)
(1447, 698)
(1447, 699)
(1447, 700)
(1447, 701)
(1448, 695)
(1448, 696)
(1448, 697)
(1448, 698)
(1448, 699)
(1448, 700)
(1448, 701)
(1448, 702)
(1449, 696)
(1449, 697)
(1449, 698)
(1449, 699)
(1449, 700)
(1449, 701)
(1449, 702)
(1449, 703)
(1450, 697)
(1450, 698)
(1450, 699)
(1450, 700)
(1450, 701)
(1450, 702)
(1450, 703)
(1450, 704)
(1451, 698)
(1451, 699)
(1451, 700)
(1451, 701)
(1451, 702)
(1451, 703)
(1451, 704)
(1451, 705)
(1452, 699)
(1452, 700)
(1452, 701)
(1452, 702)
(1452, 703)
(1452, 704)
(1452, 705)
(1452, 706)
(1453, 701)
(1453, 702)
(1453, 703)
(1453, 704)
(1453, 705)
(1453, 706)
(1453, 707)
(1453, 708)
(1454, 702)
(1454, 703)
(1454, 704)
(1454, 705)
(1454, 706)
(1454, 707)
(1454, 708)
(1454, 709)
(1455, 703)
(1455, 704)
(1455, 705)
(1455, 706)
(1455, 707)
(1455, 708)
(1455, 709)
(1455, 710)
(1456, 704)
(1456, 705)
(1456, 706)
(1456, 707)
(1456, 708)
(1456, 709)
(1456, 710)
(1456, 711)
(1457, 705)
(1457, 706)
(1457, 707)
(1457, 708)
(1457, 709)
(1457, 710)
(1457, 711)
(1457, 712)
(1458, 706)
(1458, 707)
(1458, 708)
(1458, 709)
(1458, 710)
(1458, 711)
(1458, 712)
(1458, 713)
(1459, 708)
(1459, 709)
(1459, 710)
(1459, 711)
(1459, 712)
(1459, 713)
(1459, 714)
(1460, 709)
(1460, 710)
(1460, 711)
(1460, 712)
(1460, 713)
(1460, 714)
(1460, 715)
(1460, 716)
(1461, 710)
(1461, 711)
(1461, 712)
(1461, 713)
(1461, 714)
(1461, 715)
(1461, 716)
(1461, 717)
(1462, 711)
(1462, 712)
(1462, 713)
(1462, 714)
(1462, 715)
(1462, 716)
(1462, 717)
(1462, 718)
(1463, 712)
(1463, 713)
(1463, 714)
(1463, 715)
(1463, 716)
(1463, 717)
(1463, 718)
(1463, 719)
(1464, 713)
(1464, 714)
(1464, 715)
(1464, 716)
(1464, 717)
(1464, 718)
(1464, 719)
(1464, 720)
(1465, 715)
(1465, 716)
(1465, 717)
(1465, 718)
(1465, 719)
(1465, 720)
(1465, 721)
(1466, 716)
(1466, 717)
(1466, 718)
(1466, 719)
(1466, 720)
(1466, 721)
(1466, 722)
(1466, 723)
(1467, 717)
(1467, 718)
(1467, 719)
(1467, 720)
(1467, 721)
(1467, 722)
(1467, 723)
(1467, 724)
(1468, 718)
(1468, 719)
(1468, 720)
(1468, 721)
(1468, 722)
(1468, 723)
(1468, 724)
(1468, 725)
(1469, 719)
(1469, 720)
(1469, 721)
(1469, 722)
(1469, 723)
(1469, 724)
(1469, 725)
(1469, 726)
(1470, 720)
(1470, 721)
(1470, 722)
(1470, 723)
(1470, 724)
(1470, 725)
(1470, 726)
(1470, 727)
(1471, 721)
(1471, 722)
(1471, 723)
(1471, 724)
(1471, 725)
(1471, 726)
(1471, 727)
(1471, 728)
(1471, 729)
(1472, 723)
(1472, 724)
(1472, 725)
(1472, 726)
(1472, 727)
(1472, 728)
(1472, 729)
(1472, 730)
(1473, 724)
(1473, 725)
(1473, 726)
(1473, 727)
(1473, 728)
(1473, 729)
(1473, 730)
(1473, 731)
(1474, 725)
(1474, 726)
(1474, 727)
(1474, 728)
(1474, 729)
(1474, 730)
(1474, 731)
(1474, 732)
(1475, 726)
(1475, 727)
(1475, 728)
(1475, 729)
(1475, 730)
(1475, 731)
(1475, 732)
(1475, 733)
(1476, 727)
(1476, 728)
(1476, 729)
(1476, 730)
(1476, 731)
(1476, 732)
(1476, 733)
(1476, 734)
(1477, 728)
(1477, 729)
(1477, 730)
(1477, 731)
(1477, 732)
(1477, 733)
(1477, 734)
(1477, 735)
(1477, 736)
(1478, 729)
(1478, 730)
(1478, 731)
(1478, 732)
(1478, 733)
(1478, 734)
(1478, 735)
(1478, 736)
(1478, 737)
(1479, 731)
(1479, 732)
(1479, 733)
(1479, 734)
(1479, 735)
(1479, 736)
(1479, 737)
(1479, 738)
(1480, 732)
(1480, 733)
(1480, 734)
(1480, 735)
(1480, 736)
(1480, 737)
(1480, 738)
(1480, 739)
(1481, 733)
(1481, 734)
(1481, 735)
(1481, 736)
(1481, 737)
(1481, 738)
(1481, 739)
(1481, 740)
(1482, 734)
(1482, 735)
(1482, 736)
(1482, 737)
(1482, 738)
(1482, 739)
(1482, 740)
(1482, 741)
(1483, 735)
(1483, 736)
(1483, 737)
(1483, 738)
(1483, 739)
(1483, 740)
(1483, 741)
(1483, 742)
(1483, 743)
(1484, 736)
(1484, 737)
(1484, 738)
(1484, 739)
(1484, 740)
(1484, 741)
(1484, 742)
(1484, 743)
(1484, 744)
(1485, 737)
(1485, 738)
(1485, 739)
(1485, 740)
(1485, 741)
(1485, 742)
(1485, 743)
(1485, 744)
(1485, 745)
(1486, 738)
(1486, 739)
(1486, 740)
(1486, 741)
(1486, 742)
(1486, 743)
(1486, 744)
(1486, 745)
(1486, 746)
(1487, 739)
(1487, 740)
(1487, 741)
(1487, 742)
(1487, 743)
(1487, 744)
(1487, 745)
(1487, 746)
(1487, 747)
(1488, 740)
(1488, 741)
(1488, 742)
(1488, 743)
(1488, 744)
(1488, 745)
(1488, 746)
(1488, 747)
(1488, 748)
(1489, 741)
(1489, 742)
(1489, 743)
(1489, 744)
(1489, 745)
(1489, 746)
(1489, 747)
(1489, 748)
(1489, 749)
(1489, 750)
(1490, 742)
(1490, 743)
(1490, 744)
(1490, 745)
(1490, 746)
(1490, 747)
(1490, 748)
(1490, 749)
(1490, 750)
(1490, 751)
(1491, 743)
(1491, 744)
(1491, 745)
(1491, 746)
(1491, 747)
(1491, 748)
(1491, 749)
(1491, 750)
(1491, 751)
(1491, 752)
(1492, 744)
(1492, 745)
(1492, 746)
(1492, 747)
(1492, 748)
(1492, 749)
(1492, 750)
(1492, 751)
(1492, 752)
(1492, 753)
(1493, 745)
(1493, 746)
(1493, 747)
(1493, 748)
(1493, 749)
(1493, 750)
(1493, 751)
(1493, 752)
(1493, 753)
(1493, 754)
(1494, 746)
(1494, 747)
(1494, 748)
(1494, 749)
(1494, 750)
(1494, 751)
(1494, 752)
(1494, 753)
(1494, 754)
(1494, 755)
(1495, 747)
(1495, 748)
(1495, 749)
(1495, 750)
(1495, 751)
(1495, 752)
(1495, 753)
(1495, 754)
(1495, 755)
(1495, 756)
(1496, 748)
(1496, 749)
(1496, 750)
(1496, 751)
(1496, 752)
(1496, 753)
(1496, 754)
(1496, 755)
(1496, 756)
(1496, 757)
(1496, 758)
(1497, 749)
(1497, 750)
(1497, 751)
(1497, 752)
(1497, 753)
(1497, 754)
(1497, 755)
(1497, 756)
(1497, 757)
(1497, 758)
(1497, 759)
(1498, 750)
(1498, 751)
(1498, 752)
(1498, 753)
(1498, 754)
(1498, 755)
(1498, 756)
(1498, 757)
(1498, 758)
(1498, 759)
(1498, 760)
(1499, 751)
(1499, 752)
(1499, 753)
(1499, 754)
(1499, 755)
(1499, 756)
(1499, 757)
(1499, 758)
(1499, 759)
(1499, 760)
(1499, 761)
(1500, 752)
(1500, 753)
(1500, 754)
(1500, 755)
(1500, 756)
(1500, 757)
(1500, 758)
(1500, 759)
(1500, 760)
(1500, 761)
(1500, 762)
(1501, 753)
(1501, 754)
(1501, 755)
(1501, 756)
(1501, 757)
(1501, 758)
(1501, 759)
(1501, 760)
(1501, 761)
(1501, 762)
(1501, 763)
(1502, 754)
(1502, 755)
(1502, 756)
(1502, 757)
(1502, 758)
(1502, 759)
(1502, 760)
(1502, 761)
(1502, 762)
(1502, 763)
(1502, 764)
(1503, 755)
(1503, 756)
(1503, 757)
(1503, 758)
(1503, 759)
(1503, 760)
(1503, 761)
(1503, 762)
(1503, 763)
(1503, 764)
(1503, 765)
(1504, 756)
(1504, 757)
(1504, 758)
(1504, 759)
(1504, 760)
(1504, 761)
(1504, 762)
(1504, 763)
(1504, 764)
(1504, 765)
(1504, 766)
(1505, 757)
(1505, 758)
(1505, 759)
(1505, 760)
(1505, 761)
(1505, 762)
(1505, 763)
(1505, 764)
(1505, 765)
(1505, 766)
(1505, 767)
(1506, 758)
(1506, 759)
(1506, 760)
(1506, 761)
(1506, 762)
(1506, 763)
(1506, 764)
(1506, 765)
(1506, 766)
(1506, 767)
(1506, 768)
(1507, 759)
(1507, 760)
(1507, 761)
(1507, 762)
(1507, 763)
(1507, 764)
(1507, 765)
(1507, 766)
(1507, 767)
(1507, 768)
(1507, 769)
(1508, 760)
(1508, 761)
(1508, 762)
(1508, 763)
(1508, 764)
(1508, 765)
(1508, 766)
(1508, 767)
(1508, 768)
(1508, 769)
(1508, 770)
(1509, 761)
(1509, 762)
(1509, 763)
(1509, 764)
(1509, 765)
(1509, 766)
(1509, 767)
(1509, 768)
(1509, 769)
(1509, 770)
(1509, 771)
(1509, 772)
(1510, 762)
(1510, 763)
(1510, 764)
(1510, 765)
(1510, 766)
(1510, 767)
(1510, 768)
(1510, 769)
(1510, 770)
(1510, 771)
(1510, 772)
(1510, 773)
(1511, 763)
(1511, 764)
(1511, 765)
(1511, 766)
(1511, 767)
(1511, 768)
(1511, 769)
(1511, 770)
(1511, 771)
(1511, 772)
(1511, 773)
(1511, 774)
(1512, 764)
(1512, 765)
(1512, 766)
(1512, 767)
(1512, 768)
(1512, 769)
(1512, 770)
(1512, 771)
(1512, 772)
(1512, 773)
(1512, 774)
(1512, 775)
(1512, 776)
(1513, 765)
(1513, 766)
(1513, 767)
(1513, 768)
(1513, 769)
(1513, 770)
(1513, 771)
(1513, 772)
(1513, 773)
(1513, 774)
(1513, 775)
(1513, 776)
(1513, 777)
(1514, 766)
(1514, 767)
(1514, 768)
(1514, 769)
(1514, 770)
(1514, 771)
(1514, 772)
(1514, 773)
(1514, 774)
(1514, 775)
(1514, 776)
(1514, 777)
(1514, 778)
(1515, 767)
(1515, 768)
(1515, 769)
(1515, 770)
(1515, 771)
(1515, 772)
(1515, 773)
(1515, 774)
(1515, 775)
(1515, 776)
(1515, 777)
(1515, 778)
(1515, 779)
(1515, 780)
(1516, 768)
(1516, 769)
(1516, 770)
(1516, 771)
(1516, 772)
(1516, 773)
(1516, 774)
(1516, 775)
(1516, 776)
(1516, 777)
(1516, 778)
(1516, 779)
(1516, 780)
(1516, 781)
(1517, 769)
(1517, 770)
(1517, 771)
(1517, 772)
(1517, 773)
(1517, 774)
(1517, 775)
(1517, 776)
(1517, 777)
(1517, 778)
(1517, 779)
(1517, 780)
(1517, 781)
(1517, 782)
(1518, 770)
(1518, 771)
(1518, 772)
(1518, 773)
(1518, 774)
(1518, 775)
(1518, 776)
(1518, 777)
(1518, 778)
(1518, 779)
(1518, 780)
(1518, 781)
(1518, 782)
(1518, 783)
(1518, 784)
(1519, 771)
(1519, 772)
(1519, 773)
(1519, 774)
(1519, 775)
(1519, 776)
(1519, 777)
(1519, 778)
(1519, 779)
(1519, 780)
(1519, 781)
(1519, 782)
(1519, 783)
(1519, 784)
(1519, 785)
(1520, 771)
(1520, 772)
(1520, 773)
(1520, 774)
(1520, 775)
(1520, 776)
(1520, 777)
(1520, 778)
(1520, 779)
(1520, 780)
(1520, 781)
(1520, 782)
(1520, 783)
(1520, 784)
(1520, 785)
(1520, 786)
(1521, 772)
(1521, 773)
(1521, 774)
(1521, 775)
(1521, 776)
(1521, 777)
(1521, 778)
(1521, 779)
(1521, 780)
(1521, 781)
(1521, 782)
(1521, 783)
(1521, 784)
(1521, 785)
(1521, 786)
(1521, 787)
(1521, 788)
(1522, 773)
(1522, 774)
(1522, 775)
(1522, 776)
(1522, 777)
(1522, 778)
(1522, 779)
(1522, 780)
(1522, 781)
(1522, 782)
(1522, 783)
(1522, 784)
(1522, 785)
(1522, 786)
(1522, 787)
(1522, 788)
(1522, 789)
(1523, 774)
(1523, 775)
(1523, 776)
(1523, 777)
(1523, 778)
(1523, 779)
(1523, 780)
(1523, 781)
(1523, 782)
(1523, 783)
(1523, 784)
(1523, 785)
(1523, 786)
(1523, 787)
(1523, 788)
(1523, 789)
(1523, 790)
(1523, 791)
(1524, 775)
(1524, 776)
(1524, 777)
(1524, 778)
(1524, 779)
(1524, 780)
(1524, 781)
(1524, 782)
(1524, 783)
(1524, 784)
(1524, 785)
(1524, 786)
(1524, 787)
(1524, 788)
(1524, 789)
(1524, 790)
(1524, 791)
(1524, 792)
(1525, 775)
(1525, 776)
(1525, 777)
(1525, 778)
(1525, 779)
(1525, 780)
(1525, 781)
(1525, 782)
(1525, 783)
(1525, 784)
(1525, 785)
(1525, 786)
(1525, 787)
(1525, 788)
(1525, 789)
(1525, 790)
(1525, 791)
(1525, 792)
(1525, 793)
(1526, 776)
(1526, 777)
(1526, 778)
(1526, 779)
(1526, 780)
(1526, 781)
(1526, 782)
(1526, 783)
(1526, 784)
(1526, 785)
(1526, 786)
(1526, 787)
(1526, 788)
(1526, 789)
(1526, 790)
(1526, 791)
(1526, 792)
(1526, 793)
(1526, 794)
(1527, 777)
(1527, 778)
(1527, 779)
(1527, 780)
(1527, 781)
(1527, 782)
(1527, 783)
(1527, 784)
(1527, 785)
(1527, 786)
(1527, 787)
(1527, 788)
(1527, 789)
(1527, 790)
(1527, 791)
(1527, 792)
(1527, 793)
(1527, 794)
(1527, 795)
(1528, 777)
(1528, 778)
(1528, 779)
(1528, 780)
(1528, 781)
(1528, 782)
(1528, 783)
(1528, 784)
(1528, 785)
(1528, 786)
(1528, 787)
(1528, 788)
(1528, 789)
(1528, 790)
(1528, 791)
(1528, 792)
(1528, 793)
(1528, 794)
(1528, 795)
(1528, 796)
(1529, 778)
(1529, 779)
(1529, 780)
(1529, 781)
(1529, 782)
(1529, 783)
(1529, 784)
(1529, 785)
(1529, 786)
(1529, 787)
(1529, 788)
(1529, 789)
(1529, 790)
(1529, 791)
(1529, 792)
(1529, 793)
(1529, 794)
(1529, 795)
(1529, 796)
(1529, 797)
(1530, 778)
(1530, 779)
(1530, 780)
(1530, 781)
(1530, 782)
(1530, 783)
(1530, 784)
(1530, 785)
(1530, 786)
(1530, 787)
(1530, 788)
(1530, 789)
(1530, 790)
(1530, 791)
(1530, 792)
(1530, 793)
(1530, 794)
(1530, 795)
(1530, 796)
(1530, 797)
(1530, 798)
(1531, 779)
(1531, 780)
(1531, 781)
(1531, 782)
(1531, 783)
(1531, 784)
(1531, 785)
(1531, 786)
(1531, 787)
(1531, 788)
(1531, 789)
(1531, 790)
(1531, 791)
(1531, 792)
(1531, 793)
(1531, 794)
(1531, 795)
(1531, 796)
(1531, 797)
(1531, 798)
(1531, 799)
(1532, 779)
(1532, 780)
(1532, 781)
(1532, 782)
(1532, 783)
(1532, 784)
(1532, 785)
(1532, 786)
(1532, 787)
(1532, 788)
(1532, 789)
(1532, 790)
(1532, 791)
(1532, 792)
(1532, 793)
(1532, 794)
(1532, 795)
(1532, 796)
(1532, 797)
(1532, 798)
(1532, 799)
(1532, 800)
(1533, 780)
(1533, 781)
(1533, 782)
(1533, 783)
(1533, 784)
(1533, 785)
(1533, 786)
(1533, 787)
(1533, 788)
(1533, 789)
(1533, 790)
(1533, 791)
(1533, 792)
(1533, 793)
(1533, 794)
(1533, 795)
(1533, 796)
(1533, 797)
(1533, 798)
(1533, 799)
(1533, 800)
(1533, 801)
(1534, 780)
(1534, 781)
(1534, 782)
(1534, 783)
(1534, 784)
(1534, 785)
(1534, 786)
(1534, 787)
(1534, 788)
(1534, 789)
(1534, 790)
(1534, 791)
(1534, 792)
(1534, 793)
(1534, 794)
(1534, 795)
(1534, 796)
(1534, 797)
(1534, 798)
(1534, 799)
(1534, 800)
(1534, 801)
(1535, 781)
(1535, 782)
(1535, 783)
(1535, 784)
(1535, 785)
(1535, 786)
(1535, 787)
(1535, 788)
(1535, 789)
(1535, 790)
(1535, 791)
(1535, 792)
(1535, 793)
(1535, 794)
(1535, 795)
(1535, 796)
(1535, 797)
(1535, 798)
(1535, 799)
(1535, 800)
(1535, 801)
(1535, 802)
(1536, 781)
(1536, 782)
(1536, 783)
(1536, 784)
(1536, 785)
(1536, 786)
(1536, 787)
(1536, 788)
(1536, 789)
(1536, 790)
(1536, 791)
(1536, 792)
(1536, 793)
(1536, 794)
(1536, 795)
(1536, 796)
(1536, 797)
(1536, 798)
(1536, 799)
(1536, 800)
(1536, 801)
(1536, 802)
(1536, 803)
(1537, 782)
(1537, 783)
(1537, 784)
(1537, 785)
(1537, 786)
(1537, 787)
(1537, 788)
(1537, 789)
(1537, 790)
(1537, 791)
(1537, 792)
(1537, 793)
(1537, 794)
(1537, 795)
(1537, 796)
(1537, 797)
(1537, 798)
(1537, 799)
(1537, 800)
(1537, 801)
(1537, 802)
(1537, 803)
(1538, 782)
(1538, 783)
(1538, 784)
(1538, 785)
(1538, 786)
(1538, 787)
(1538, 788)
(1538, 789)
(1538, 790)
(1538, 791)
(1538, 792)
(1538, 793)
(1538, 794)
(1538, 795)
(1538, 796)
(1538, 797)
(1538, 798)
(1538, 799)
(1538, 800)
(1538, 801)
(1538, 802)
(1538, 803)
(1538, 804)
(1539, 782)
(1539, 783)
(1539, 784)
(1539, 785)
(1539, 786)
(1539, 787)
(1539, 788)
(1539, 789)
(1539, 790)
(1539, 791)
(1539, 792)
(1539, 793)
(1539, 794)
(1539, 795)
(1539, 796)
(1539, 797)
(1539, 798)
(1539, 799)
(1539, 800)
(1539, 801)
(1539, 802)
(1539, 803)
(1539, 804)
(1540, 783)
(1540, 784)
(1540, 785)
(1540, 786)
(1540, 787)
(1540, 788)
(1540, 789)
(1540, 790)
(1540, 791)
(1540, 792)
(1540, 793)
(1540, 794)
(1540, 795)
(1540, 796)
(1540, 797)
(1540, 798)
(1540, 799)
(1540, 800)
(1540, 801)
(1540, 802)
(1540, 803)
(1540, 804)
(1540, 805)
(1541, 783)
(1541, 784)
(1541, 785)
(1541, 786)
(1541, 787)
(1541, 788)
(1541, 789)
(1541, 790)
(1541, 791)
(1541, 792)
(1541, 793)
(1541, 794)
(1541, 795)
(1541, 796)
(1541, 797)
(1541, 798)
(1541, 799)
(1541, 800)
(1541, 801)
(1541, 802)
(1541, 803)
(1541, 804)
(1541, 805)
(1542, 784)
(1542, 785)
(1542, 786)
(1542, 787)
(1542, 788)
(1542, 789)
(1542, 790)
(1542, 791)
(1542, 792)
(1542, 793)
(1542, 794)
(1542, 795)
(1542, 796)
(1542, 797)
(1542, 798)
(1542, 799)
(1542, 800)
(1542, 801)
(1542, 802)
(1542, 803)
(1542, 804)
(1542, 805)
(1542, 806)
(1543, 784)
(1543, 785)
(1543, 786)
(1543, 787)
(1543, 788)
(1543, 789)
(1543, 790)
(1543, 791)
(1543, 792)
(1543, 793)
(1543, 794)
(1543, 795)
(1543, 796)
(1543, 797)
(1543, 798)
(1543, 799)
(1543, 800)
(1543, 801)
(1543, 802)
(1543, 803)
(1543, 804)
(1543, 805)
(1543, 806)
(1544, 785)
(1544, 786)
(1544, 787)
(1544, 788)
(1544, 789)
(1544, 790)
(1544, 791)
(1544, 792)
(1544, 793)
(1544, 794)
(1544, 795)
(1544, 796)
(1544, 797)
(1544, 798)
(1544, 799)
(1544, 800)
(1544, 801)
(1544, 802)
(1544, 803)
(1544, 804)
(1544, 805)
(1544, 806)
(1544, 807)
(1545, 785)
(1545, 786)
(1545, 787)
(1545, 788)
(1545, 789)
(1545, 790)
(1545, 791)
(1545, 792)
(1545, 793)
(1545, 794)
(1545, 795)
(1545, 796)
(1545, 797)
(1545, 798)
(1545, 799)
(1545, 800)
(1545, 801)
(1545, 802)
(1545, 803)
(1545, 804)
(1545, 805)
(1545, 806)
(1545, 807)
(1546, 786)
(1546, 787)
(1546, 788)
(1546, 789)
(1546, 790)
(1546, 791)
(1546, 792)
(1546, 793)
(1546, 794)
(1546, 795)
(1546, 796)
(1546, 797)
(1546, 798)
(1546, 799)
(1546, 800)
(1546, 801)
(1546, 802)
(1546, 803)
(1546, 804)
(1546, 805)
(1546, 806)
(1546, 807)
(1547, 786)
(1547, 787)
(1547, 788)
(1547, 789)
(1547, 790)
(1547, 791)
(1547, 792)
(1547, 793)
(1547, 794)
(1547, 795)
(1547, 796)
(1547, 797)
(1547, 798)
(1547, 799)
(1547, 800)
(1547, 801)
(1547, 802)
(1547, 803)
(1547, 804)
(1547, 805)
(1547, 806)
(1547, 807)
(1547, 808)
(1548, 787)
(1548, 788)
(1548, 789)
(1548, 790)
(1548, 791)
(1548, 792)
(1548, 793)
(1548, 794)
(1548, 795)
(1548, 796)
(1548, 797)
(1548, 798)
(1548, 799)
(1548, 800)
(1548, 801)
(1548, 802)
(1548, 803)
(1548, 804)
(1548, 805)
(1548, 806)
(1548, 807)
(1548, 808)
(1549, 787)
(1549, 788)
(1549, 789)
(1549, 790)
(1549, 791)
(1549, 792)
(1549, 793)
(1549, 794)
(1549, 795)
(1549, 796)
(1549, 797)
(1549, 798)
(1549, 799)
(1549, 800)
(1549, 801)
(1549, 802)
(1549, 803)
(1549, 804)
(1549, 805)
(1549, 806)
(1549, 807)
(1549, 808)
(1550, 788)
(1550, 789)
(1550, 790)
(1550, 791)
(1550, 792)
(1550, 793)
(1550, 794)
(1550, 795)
(1550, 796)
(1550, 797)
(1550, 798)
(1550, 799)
(1550, 800)
(1550, 801)
(1550, 802)
(1550, 803)
(1550, 804)
(1550, 805)
(1550, 806)
(1550, 807)
(1550, 808)
(1550, 809)
(1551, 788)
(1551, 789)
(1551, 790)
(1551, 791)
(1551, 792)
(1551, 793)
(1551, 794)
(1551, 795)
(1551, 796)
(1551, 797)
(1551, 798)
(1551, 799)
(1551, 800)
(1551, 801)
(1551, 802)
(1551, 803)
(1551, 804)
(1551, 805)
(1551, 806)
(1551, 807)
(1551, 808)
(1551, 809)
(1552, 789)
(1552, 790)
(1552, 791)
(1552, 792)
(1552, 793)
(1552, 794)
(1552, 795)
(1552, 796)
(1552, 797)
(1552, 798)
(1552, 799)
(1552, 800)
(1552, 801)
(1552, 802)
(1552, 803)
(1552, 804)
(1552, 805)
(1552, 806)
(1552, 807)
(1552, 808)
(1552, 809)
(1553, 790)
(1553, 791)
(1553, 792)
(1553, 793)
(1553, 794)
(1553, 795)
(1553, 796)
(1553, 797)
(1553, 798)
(1553, 799)
(1553, 800)
(1553, 801)
(1553, 802)
(1553, 803)
(1553, 804)
(1553, 805)
(1553, 806)
(1553, 807)
(1553, 808)
(1553, 809)
(1553, 810)
(1554, 791)
(1554, 792)
(1554, 793)
(1554, 794)
(1554, 795)
(1554, 796)
(1554, 797)
(1554, 798)
(1554, 799)
(1554, 800)
(1554, 801)
(1554, 802)
(1554, 803)
(1554, 804)
(1554, 805)
(1554, 806)
(1554, 807)
(1554, 808)
(1554, 809)
(1554, 810)
(1555, 792)
(1555, 793)
(1555, 794)
(1555, 795)
(1555, 796)
(1555, 797)
(1555, 798)
(1555, 799)
(1555, 800)
(1555, 801)
(1555, 802)
(1555, 803)
(1555, 804)
(1555, 805)
(1555, 806)
(1555, 807)
(1555, 808)
(1555, 809)
(1555, 810)
(1556, 793)
(1556, 794)
(1556, 795)
(1556, 796)
(1556, 797)
(1556, 798)
(1556, 799)
(1556, 800)
(1556, 801)
(1556, 802)
(1556, 803)
(1556, 804)
(1556, 805)
(1556, 806)
(1556, 807)
(1556, 808)
(1556, 809)
(1556, 810)
(1557, 794)
(1557, 795)
(1557, 796)
(1557, 797)
(1557, 798)
(1557, 799)
(1557, 800)
(1557, 801)
(1557, 802)
(1557, 803)
(1557, 804)
(1557, 805)
(1557, 806)
(1557, 807)
(1557, 808)
(1557, 809)
(1557, 810)
(1558, 796)
(1558, 797)
(1558, 798)
(1558, 799)
(1558, 800)
(1558, 801)
(1558, 802)
(1558, 803)
(1558, 804)
(1558, 805)
(1558, 806)
(1558, 807)
(1558, 808)
(1558, 809)
(1558, 810)
(1559, 797)
(1559, 798)
(1559, 799)
(1559, 800)
(1559, 801)
(1559, 802)
(1559, 803)
(1559, 804)
(1559, 805)
(1559, 806)
(1559, 807)
(1559, 808)
(1559, 809)
(1559, 810)
(1560, 799)
(1560, 800)
(1560, 801)
(1560, 802)
(1560, 803)
(1560, 804)
(1560, 805)
(1560, 806)
(1560, 807)
(1560, 808)
(1560, 809)
(1560, 810)
(1561, 801)
(1561, 802)
(1561, 803)
(1561, 804)
(1561, 805)
(1561, 806)
(1561, 807)
(1561, 808)
(1561, 809)
(1562, 804)
(1562, 805)
(1562, 806)
(1562, 807)
(1562, 808)
(2360, 2309)
(2361, 2309)
(2361, 2310)
(2362, 2309)
(2362, 2310)
(2362, 2311)
(2363, 2309)
(2363, 2310)
(2363, 2311)
(2363, 2312)
(2364, 2309)
(2364, 2310)
(2364, 2311)
(2364, 2312)
(2364, 2313)
(2365, 2309)
(2365, 2310)
(2365, 2311)
(2365, 2312)
(2365, 2313)
(2365, 2314)
(2366, 2309)
(2366, 2310)
(2366, 2311)
(2366, 2312)
(2366, 2313)
(2366, 2314)
(2366, 2315)
(2367, 2309)
(2367, 2310)
(2367, 2311)
(2367, 2312)
(2367, 2313)
(2367, 2314)
(2367, 2315)
(2367, 2316)
(2368, 2309)
(2368, 2310)
(2368, 2311)
(2368, 2312)
(2368, 2313)
(2368, 2314)
(2368, 2315)
(2368, 2316)
(2368, 2317)
(2369, 2309)
(2369, 2310)
(2369, 2311)
(2369, 2312)
(2369, 2313)
(2369, 2314)
(2369, 2315)
(2369, 2316)
(2369, 2317)
(2369, 2318)
(2370, 2309)
(2370, 2310)
(2370, 2311)
(2370, 2312)
(2370, 2313)
(2370, 2314)
(2370, 2315)
(2370, 2316)
(2370, 2317)
(2370, 2318)
(2370, 2319)
(2371, 2309)
(2371, 2310)
(2371, 2311)
(2371, 2312)
(2371, 2313)
(2371, 2314)
(2371, 2315)
(2371, 2316)
(2371, 2317)
(2371, 2318)
(2371, 2319)
(2371, 2320)
(2372, 2309)
(2372, 2310)
(2372, 2311)
(2372, 2312)
(2372, 2313)
(2372, 2314)
(2372, 2315)
(2372, 2316)
(2372, 2317)
(2372, 2318)
(2372, 2319)
(2372, 2320)
(2372, 2321)
(2373, 2309)
(2373, 2310)
(2373, 2311)
(2373, 2312)
(2373, 2313)
(2373, 2314)
(2373, 2315)
(2373, 2316)
(2373, 2317)
(2373, 2318)
(2373, 2319)
(2373, 2320)
(2373, 2321)
(2373, 2322)
(2374, 2309)
(2374, 2310)
(2374, 2311)
(2374, 2312)
(2374, 2313)
(2374, 2314)
(2374, 2315)
(2374, 2316)
(2374, 2317)
(2374, 2318)
(2374, 2319)
(2374, 2320)
(2374, 2321)
(2374, 2322)
(2374, 2323)
(2375, 2309)
(2375, 2310)
(2375, 2311)
(2375, 2312)
(2375, 2313)
(2375, 2314)
(2375, 2315)
(2375, 2316)
(2375, 2317)
(2375, 2318)
(2375, 2319)
(2375, 2320)
(2375, 2321)
(2375, 2322)
(2375, 2323)
(2375, 2324)
(2376, 2309)
(2376, 2310)
(2376, 2311)
(2376, 2312)
(2376, 2313)
(2376, 2314)
(2376, 2315)
(2376, 2316)
(2376, 2317)
(2376, 2318)
(2376, 2319)
(2376, 2320)
(2376, 2321)
(2376, 2322)
(2376, 2323)
(2376, 2324)
(2376, 2325)
(2377, 2309)
(2377, 2310)
(2377, 2311)
(2377, 2312)
(2377, 2313)
(2377, 2314)
(2377, 2315)
(2377, 2316)
(2377, 2317)
(2377, 2318)
(2377, 2319)
(2377, 2320)
(2377, 2321)
(2377, 2322)
(2377, 2323)
(2377, 2324)
(2377, 2325)
(2377, 2326)
(2378, 2309)
(2378, 2310)
(2378, 2311)
(2378, 2312)
(2378, 2313)
(2378, 2314)
(2378, 2315)
(2378, 2316)
(2378, 2317)
(2378, 2318)
(2378, 2319)
(2378, 2320)
(2378, 2321)
(2378, 2322)
(2378, 2323)
(2378, 2324)
(2378, 2325)
(2378, 2326)
(2378, 2327)
(2379, 2309)
(2379, 2310)
(2379, 2311)
(2379, 2312)
(2379, 2313)
(2379, 2314)
(2379, 2315)
(2379, 2316)
(2379, 2317)
(2379, 2318)
(2379, 2319)
(2379, 2320)
(2379, 2321)
(2379, 2322)
(2379, 2323)
(2379, 2324)
(2379, 2325)
(2379, 2326)
(2379, 2327)
(2379, 2328)
(2380, 2309)
(2380, 2310)
(2380, 2311)
(2380, 2312)
(2380, 2313)
(2380, 2314)
(2380, 2315)
(2380, 2316)
(2380, 2317)
(2380, 2318)
(2380, 2319)
(2380, 2320)
(2380, 2321)
(2380, 2322)
(2380, 2323)
(2380, 2324)
(2380, 2325)
(2380, 2326)
(2380, 2327)
(2380, 2328)
(2380, 2329)
(2381, 2309)
(2381, 2310)
(2381, 2311)
(2381, 2312)
(2381, 2313)
(2381, 2314)
(2381, 2315)
(2381, 2316)
(2381, 2317)
(2381, 2318)
(2381, 2319)
(2381, 2320)
(2381, 2321)
(2381, 2322)
(2381, 2323)
(2381, 2324)
(2381, 2325)
(2381, 2326)
(2381, 2327)
(2381, 2328)
(2381, 2329)
(2381, 2330)
(2382, 2309)
(2382, 2310)
(2382, 2311)
(2382, 2312)
(2382, 2313)
(2382, 2314)
(2382, 2315)
(2382, 2316)
(2382, 2317)
(2382, 2318)
(2382, 2319)
(2382, 2320)
(2382, 2321)
(2382, 2322)
(2382, 2323)
(2382, 2324)
(2382, 2325)
(2382, 2326)
(2382, 2327)
(2382, 2328)
(2382, 2329)
(2382, 2330)
(2382, 2331)
(2383, 2309)
(2383, 2310)
(2383, 2311)
(2383, 2312)
(2383, 2313)
(2383, 2314)
(2383, 2315)
(2383, 2316)
(2383, 2317)
(2383, 2318)
(2383, 2319)
(2383, 2320)
(2383, 2321)
(2383, 2322)
(2383, 2323)
(2383, 2324)
(2383, 2325)
(2383, 2326)
(2383, 2327)
(2383, 2328)
(2383, 2329)
(2383, 2330)
(2383, 2331)
(2383, 2332)
(2384, 2309)
(2384, 2310)
(2384, 2311)
(2384, 2312)
(2384, 2313)
(2384, 2314)
(2384, 2315)
(2384, 2316)
(2384, 2317)
(2384, 2318)
(2384, 2319)
(2384, 2320)
(2384, 2321)
(2384, 2322)
(2384, 2323)
(2384, 2324)
(2384, 2325)
(2384, 2326)
(2384, 2327)
(2384, 2328)
(2384, 2329)
(2384, 2330)
(2384, 2331)
(2384, 2332)
(2384, 2333)
(2385, 2309)
(2385, 2310)
(2385, 2311)
(2385, 2312)
(2385, 2313)
(2385, 2314)
(2385, 2315)
(2385, 2316)
(2385, 2317)
(2385, 2318)
(2385, 2319)
(2385, 2320)
(2385, 2321)
(2385, 2322)
(2385, 2323)
(2385, 2324)
(2385, 2325)
(2385, 2326)
(2385, 2327)
(2385, 2328)
(2385, 2329)
(2385, 2330)
(2385, 2331)
(2385, 2332)
(2385, 2333)
(2385, 2334)
(2386, 2309)
(2386, 2310)
(2386, 2311)
(2386, 2312)
(2386, 2313)
(2386, 2314)
(2386, 2315)
(2386, 2316)
(2386, 2317)
(2386, 2318)
(2386, 2319)
(2386, 2320)
(2386, 2321)
(2386, 2322)
(2386, 2323)
(2386, 2324)
(2386, 2325)
(2386, 2326)
(2386, 2327)
(2386, 2328)
(2386, 2329)
(2386, 2330)
(2386, 2331)
(2386, 2332)
(2386, 2333)
(2386, 2334)
(2386, 2335)
(2387, 2309)
(2387, 2310)
(2387, 2311)
(2387, 2312)
(2387, 2313)
(2387, 2314)
(2387, 2315)
(2387, 2316)
(2387, 2317)
(2387, 2318)
(2387, 2319)
(2387, 2320)
(2387, 2321)
(2387, 2322)
(2387, 2323)
(2387, 2324)
(2387, 2325)
(2387, 2326)
(2387, 2327)
(2387, 2328)
(2387, 2329)
(2387, 2330)
(2387, 2331)
(2387, 2332)
(2387, 2333)
(2387, 2334)
(2387, 2335)
(2387, 2336)
(2388, 2309)
(2388, 2310)
(2388, 2311)
(2388, 2312)
(2388, 2313)
(2388, 2314)
(2388, 2315)
(2388, 2316)
(2388, 2317)
(2388, 2318)
(2388, 2319)
(2388, 2320)
(2388, 2321)
(2388, 2322)
(2388, 2323)
(2388, 2324)
(2388, 2325)
(2388, 2326)
(2388, 2327)
(2388, 2328)
(2388, 2329)
(2388, 2330)
(2388, 2331)
(2388, 2332)
(2388, 2333)
(2388, 2334)
(2388, 2335)
(2388, 2336)
(2388, 2337)
(2389, 2309)
(2389, 2310)
(2389, 2311)
(2389, 2312)
(2389, 2313)
(2389, 2314)
(2389, 2315)
(2389, 2316)
(2389, 2317)
(2389, 2318)
(2389, 2319)
(2389, 2320)
(2389, 2321)
(2389, 2322)
(2389, 2323)
(2389, 2324)
(2389, 2325)
(2389, 2326)
(2389, 2327)
(2389, 2328)
(2389, 2329)
(2389, 2330)
(2389, 2331)
(2389, 2332)
(2389, 2333)
(2389, 2334)
(2389, 2335)
(2389, 2336)
(2389, 2337)
(2389, 2338)
(2390, 2309)
(2390, 2310)
(2390, 2311)
(2390, 2312)
(2390, 2313)
(2390, 2314)
(2390, 2315)
(2390, 2316)
(2390, 2317)
(2390, 2318)
(2390, 2319)
(2390, 2320)
(2390, 2321)
(2390, 2322)
(2390, 2323)
(2390, 2324)
(2390, 2325)
(2390, 2326)
(2390, 2327)
(2390, 2328)
(2390, 2329)
(2390, 2330)
(2390, 2331)
(2390, 2332)
(2390, 2333)
(2390, 2334)
(2390, 2335)
(2390, 2336)
(2390, 2337)
(2390, 2338)
(2390, 2339)
(2391, 2309)
(2391, 2310)
(2391, 2311)
(2391, 2312)
(2391, 2313)
(2391, 2314)
(2391, 2315)
(2391, 2316)
(2391, 2317)
(2391, 2318)
(2391, 2319)
(2391, 2320)
(2391, 2321)
(2391, 2322)
(2391, 2323)
(2391, 2324)
(2391, 2325)
(2391, 2326)
(2391, 2327)
(2391, 2328)
(2391, 2329)
(2391, 2330)
(2391, 2331)
(2391, 2332)
(2391, 2333)
(2391, 2334)
(2391, 2335)
(2391, 2336)
(2391, 2337)
(2391, 2338)
(2391, 2339)
(2391, 2340)
(2392, 2309)
(2392, 2310)
(2392, 2311)
(2392, 2312)
(2392, 2313)
(2392, 2314)
(2392, 2315)
(2392, 2316)
(2392, 2317)
(2392, 2318)
(2392, 2319)
(2392, 2320)
(2392, 2321)
(2392, 2322)
(2392, 2323)
(2392, 2324)
(2392, 2325)
(2392, 2326)
(2392, 2327)
(2392, 2328)
(2392, 2329)
(2392, 2330)
(2392, 2331)
(2392, 2332)
(2392, 2333)
(2392, 2334)
(2392, 2335)
(2392, 2336)
(2392, 2337)
(2392, 2338)
(2392, 2339)
(2392, 2340)
(2392, 2341)
(2393, 2309)
(2393, 2310)
(2393, 2311)
(2393, 2312)
(2393, 2313)
(2393, 2314)
(2393, 2315)
(2393, 2316)
(2393, 2317)
(2393, 2318)
(2393, 2319)
(2393, 2320)
(2393, 2321)
(2393, 2322)
(2393, 2323)
(2393, 2324)
(2393, 2325)
(2393, 2326)
(2393, 2327)
(2393, 2328)
(2393, 2329)
(2393, 2330)
(2393, 2331)
(2393, 2332)
(2393, 2333)
(2393, 2334)
(2393, 2335)
(2393, 2336)
(2393, 2337)
(2393, 2338)
(2393, 2339)
(2393, 2340)
(2393, 2341)
(2393, 2342)
(2394, 2309)
(2394, 2310)
(2394, 2311)
(2394, 2312)
(2394, 2313)
(2394, 2314)
(2394, 2315)
(2394, 2316)
(2394, 2317)
(2394, 2318)
(2394, 2319)
(2394, 2320)
(2394, 2321)
(2394, 2322)
(2394, 2323)
(2394, 2324)
(2394, 2325)
(2394, 2326)
(2394, 2327)
(2394, 2328)
(2394, 2329)
(2394, 2330)
(2394, 2331)
(2394, 2332)
(2394, 2333)
(2394, 2334)
(2394, 2335)
(2394, 2336)
(2394, 2337)
(2394, 2338)
(2394, 2339)
(2394, 2340)
(2394, 2341)
(2394, 2342)
(2394, 2343)
(2395, 2309)
(2395, 2310)
(2395, 2311)
(2395, 2312)
(2395, 2313)
(2395, 2314)
(2395, 2315)
(2395, 2316)
(2395, 2317)
(2395, 2318)
(2395, 2319)
(2395, 2320)
(2395, 2321)
(2395, 2322)
(2395, 2323)
(2395, 2324)
(2395, 2325)
(2395, 2326)
(2395, 2327)
(2395, 2328)
(2395, 2329)
(2395, 2330)
(2395, 2331)
(2395, 2332)
(2395, 2333)
(2395, 2334)
(2395, 2335)
(2395, 2336)
(2395, 2337)
(2395, 2338)
(2395, 2339)
(2395, 2340)
(2395, 2341)
(2395, 2342)
(2395, 2343)
(2395, 2344)
(2396, 2309)
(2396, 2310)
(2396, 2311)
(2396, 2312)
(2396, 2313)
(2396, 2314)
(2396, 2315)
(2396, 2316)
(2396, 2317)
(2396, 2318)
(2396, 2319)
(2396, 2320)
(2396, 2321)
(2396, 2322)
(2396, 2323)
(2396, 2324)
(2396, 2325)
(2396, 2326)
(2396, 2327)
(2396, 2328)
(2396, 2329)
(2396, 2330)
(2396, 2331)
(2396, 2332)
(2396, 2333)
(2396, 2334)
(2396, 2335)
(2396, 2336)
(2396, 2337)
(2396, 2338)
(2396, 2339)
(2396, 2340)
(2396, 2341)
(2396, 2342)
(2396, 2343)
(2396, 2344)
(2396, 2345)
(2397, 2309)
(2397, 2310)
(2397, 2311)
(2397, 2312)
(2397, 2313)
(2397, 2314)
(2397, 2315)
(2397, 2316)
(2397, 2317)
(2397, 2318)
(2397, 2319)
(2397, 2320)
(2397, 2321)
(2397, 2322)
(2397, 2323)
(2397, 2324)
(2397, 2325)
(2397, 2326)
(2397, 2327)
(2397, 2328)
(2397, 2329)
(2397, 2330)
(2397, 2331)
(2397, 2332)
(2397, 2333)
(2397, 2334)
(2397, 2335)
(2397, 2336)
(2397, 2337)
(2397, 2338)
(2397, 2339)
(2397, 2340)
(2397, 2341)
(2397, 2342)
(2397, 2343)
(2397, 2344)
(2397, 2345)
(2397, 2346)
(2398, 2309)
(2398, 2310)
(2398, 2311)
(2398, 2312)
(2398, 2313)
(2398, 2314)
(2398, 2315)
(2398, 2316)
(2398, 2317)
(2398, 2318)
(2398, 2319)
(2398, 2320)
(2398, 2321)
(2398, 2322)
(2398, 2323)
(2398, 2324)
(2398, 2325)
(2398, 2326)
(2398, 2327)
(2398, 2328)
(2398, 2329)
(2398, 2330)
(2398, 2331)
(2398, 2332)
(2398, 2333)
(2398, 2334)
(2398, 2335)
(2398, 2336)
(2398, 2337)
(2398, 2338)
(2398, 2339)
(2398, 2340)
(2398, 2341)
(2398, 2342)
(2398, 2343)
(2398, 2344)
(2398, 2345)
(2398, 2346)
(2398, 2347)
(2399, 2309)
(2399, 2310)
(2399, 2311)
(2399, 2312)
(2399, 2313)
(2399, 2314)
(2399, 2315)
(2399, 2316)
(2399, 2317)
(2399, 2318)
(2399, 2319)
(2399, 2320)
(2399, 2321)
(2399, 2322)
(2399, 2323)
(2399, 2324)
(2399, 2325)
(2399, 2326)
(2399, 2327)
(2399, 2328)
(2399, 2329)
(2399, 2330)
(2399, 2331)
(2399, 2332)
(2399, 2333)
(2399, 2334)
(2399, 2335)
(2399, 2336)
(2399, 2337)
(2399, 2338)
(2399, 2339)
(2399, 2340)
(2399, 2341)
(2399, 2342)
(2399, 2343)
(2399, 2344)
(2399, 2345)
(2399, 2346)
(2399, 2347)
(2399, 2348)
(2400, 2310)
(2400, 2311)
(2400, 2312)
(2400, 2313)
(2400, 2314)
(2400, 2315)
(2400, 2316)
(2400, 2317)
(2400, 2318)
(2400, 2319)
(2400, 2320)
(2400, 2321)
(2400, 2322)
(2400, 2323)
(2400, 2324)
(2400, 2325)
(2400, 2326)
(2400, 2327)
(2400, 2328)
(2400, 2329)
(2400, 2330)
(2400, 2331)
(2400, 2332)
(2400, 2333)
(2400, 2334)
(2400, 2335)
(2400, 2336)
(2400, 2337)
(2400, 2338)
(2400, 2339)
(2400, 2340)
(2400, 2341)
(2400, 2342)
(2400, 2343)
(2400, 2344)
(2400, 2345)
(2400, 2346)
(2400, 2347)
(2400, 2348)
(2400, 2349)
(2401, 2310)
(2401, 2311)
(2401, 2312)
(2401, 2313)
(2401, 2314)
(2401, 2315)
(2401, 2316)
(2401, 2317)
(2401, 2318)
(2401, 2319)
(2401, 2320)
(2401, 2321)
(2401, 2322)
(2401, 2323)
(2401, 2324)
(2401, 2325)
(2401, 2326)
(2401, 2327)
(2401, 2328)
(2401, 2329)
(2401, 2330)
(2401, 2331)
(2401, 2332)
(2401, 2333)
(2401, 2334)
(2401, 2335)
(2401, 2336)
(2401, 2337)
(2401, 2338)
(2401, 2339)
(2401, 2340)
(2401, 2341)
(2401, 2342)
(2401, 2343)
(2401, 2344)
(2401, 2345)
(2401, 2346)
(2401, 2347)
(2401, 2348)
(2401, 2349)
(2401, 2350)
(2402, 2310)
(2402, 2311)
(2402, 2312)
(2402, 2313)
(2402, 2314)
(2402, 2315)
(2402, 2316)
(2402, 2317)
(2402, 2318)
(2402, 2319)
(2402, 2320)
(2402, 2321)
(2402, 2322)
(2402, 2323)
(2402, 2324)
(2402, 2325)
(2402, 2326)
(2402, 2327)
(2402, 2328)
(2402, 2329)
(2402, 2330)
(2402, 2331)
(2402, 2332)
(2402, 2333)
(2402, 2334)
(2402, 2335)
(2402, 2336)
(2402, 2337)
(2402, 2338)
(2402, 2339)
(2402, 2340)
(2402, 2341)
(2402, 2342)
(2402, 2343)
(2402, 2344)
(2402, 2345)
(2402, 2346)
(2402, 2347)
(2402, 2348)
(2402, 2349)
(2402, 2350)
(2402, 2351)
(2403, 2311)
(2403, 2312)
(2403, 2313)
(2403, 2314)
(2403, 2315)
(2403, 2316)
(2403, 2317)
(2403, 2318)
(2403, 2319)
(2403, 2320)
(2403, 2321)
(2403, 2322)
(2403, 2323)
(2403, 2324)
(2403, 2325)
(2403, 2326)
(2403, 2327)
(2403, 2328)
(2403, 2329)
(2403, 2330)
(2403, 2331)
(2403, 2332)
(2403, 2333)
(2403, 2334)
(2403, 2335)
(2403, 2336)
(2403, 2337)
(2403, 2338)
(2403, 2339)
(2403, 2340)
(2403, 2341)
(2403, 2342)
(2403, 2343)
(2403, 2344)
(2403, 2345)
(2403, 2346)
(2403, 2347)
(2403, 2348)
(2403, 2349)
(2403, 2350)
(2403, 2351)
(2403, 2352)
(2404, 2311)
(2404, 2312)
(2404, 2313)
(2404, 2314)
(2404, 2315)
(2404, 2316)
(2404, 2317)
(2404, 2318)
(2404, 2319)
(2404, 2320)
(2404, 2321)
(2404, 2322)
(2404, 2323)
(2404, 2324)
(2404, 2325)
(2404, 2326)
(2404, 2327)
(2404, 2328)
(2404, 2329)
(2404, 2330)
(2404, 2331)
(2404, 2332)
(2404, 2333)
(2404, 2334)
(2404, 2335)
(2404, 2336)
(2404, 2337)
(2404, 2338)
(2404, 2339)
(2404, 2340)
(2404, 2341)
(2404, 2342)
(2404, 2343)
(2404, 2344)
(2404, 2345)
(2404, 2346)
(2404, 2347)
(2404, 2348)
(2404, 2349)
(2404, 2350)
(2404, 2351)
(2404, 2352)
(2404, 2353)
(2405, 2312)
(2405, 2313)
(2405, 2314)
(2405, 2315)
(2405, 2316)
(2405, 2317)
(2405, 2318)
(2405, 2319)
(2405, 2320)
(2405, 2321)
(2405, 2322)
(2405, 2323)
(2405, 2324)
(2405, 2325)
(2405, 2326)
(2405, 2327)
(2405, 2328)
(2405, 2329)
(2405, 2330)
(2405, 2331)
(2405, 2332)
(2405, 2333)
(2405, 2334)
(2405, 2335)
(2405, 2336)
(2405, 2337)
(2405, 2338)
(2405, 2339)
(2405, 2340)
(2405, 2341)
(2405, 2342)
(2405, 2343)
(2405, 2344)
(2405, 2345)
(2405, 2346)
(2405, 2347)
(2405, 2348)
(2405, 2349)
(2405, 2350)
(2405, 2351)
(2405, 2352)
(2405, 2353)
(2405, 2354)
(2406, 2313)
(2406, 2314)
(2406, 2315)
(2406, 2316)
(2406, 2317)
(2406, 2318)
(2406, 2319)
(2406, 2320)
(2406, 2321)
(2406, 2322)
(2406, 2323)
(2406, 2324)
(2406, 2325)
(2406, 2326)
(2406, 2327)
(2406, 2328)
(2406, 2329)
(2406, 2330)
(2406, 2331)
(2406, 2332)
(2406, 2333)
(2406, 2334)
(2406, 2335)
(2406, 2336)
(2406, 2337)
(2406, 2338)
(2406, 2339)
(2406, 2340)
(2406, 2341)
(2406, 2342)
(2406, 2343)
(2406, 2344)
(2406, 2345)
(2406, 2346)
(2406, 2347)
(2406, 2348)
(2406, 2349)
(2406, 2350)
(2406, 2351)
(2406, 2352)
(2406, 2353)
(2406, 2354)
(2406, 2355)
(2407, 2314)
(2407, 2315)
(2407, 2316)
(2407, 2317)
(2407, 2318)
(2407, 2319)
(2407, 2320)
(2407, 2321)
(2407, 2322)
(2407, 2323)
(2407, 2324)
(2407, 2325)
(2407, 2326)
(2407, 2327)
(2407, 2328)
(2407, 2329)
(2407, 2330)
(2407, 2331)
(2407, 2332)
(2407, 2333)
(2407, 2334)
(2407, 2335)
(2407, 2336)
(2407, 2337)
(2407, 2338)
(2407, 2339)
(2407, 2340)
(2407, 2341)
(2407, 2342)
(2407, 2343)
(2407, 2344)
(2407, 2345)
(2407, 2346)
(2407, 2347)
(2407, 2348)
(2407, 2349)
(2407, 2350)
(2407, 2351)
(2407, 2352)
(2407, 2353)
(2407, 2354)
(2407, 2355)
(2407, 2356)
(2408, 2315)
(2408, 2316)
(2408, 2317)
(2408, 2318)
(2408, 2319)
(2408, 2320)
(2408, 2321)
(2408, 2322)
(2408, 2323)
(2408, 2324)
(2408, 2325)
(2408, 2326)
(2408, 2327)
(2408, 2328)
(2408, 2329)
(2408, 2330)
(2408, 2331)
(2408, 2332)
(2408, 2333)
(2408, 2334)
(2408, 2335)
(2408, 2336)
(2408, 2337)
(2408, 2338)
(2408, 2339)
(2408, 2340)
(2408, 2341)
(2408, 2342)
(2408, 2343)
(2408, 2344)
(2408, 2345)
(2408, 2346)
(2408, 2347)
(2408, 2348)
(2408, 2349)
(2408, 2350)
(2408, 2351)
(2408, 2352)
(2408, 2353)
(2408, 2354)
(2408, 2355)
(2408, 2356)
(2408, 2357)
(2409, 2316)
(2409, 2317)
(2409, 2318)
(2409, 2319)
(2409, 2320)
(2409, 2321)
(2409, 2322)
(2409, 2323)
(2409, 2324)
(2409, 2325)
(2409, 2326)
(2409, 2327)
(2409, 2328)
(2409, 2329)
(2409, 2330)
(2409, 2331)
(2409, 2332)
(2409, 2333)
(2409, 2334)
(2409, 2335)
(2409, 2336)
(2409, 2337)
(2409, 2338)
(2409, 2339)
(2409, 2340)
(2409, 2341)
(2409, 2342)
(2409, 2343)
(2409, 2344)
(2409, 2345)
(2409, 2346)
(2409, 2347)
(2409, 2348)
(2409, 2349)
(2409, 2350)
(2409, 2351)
(2409, 2352)
(2409, 2353)
(2409, 2354)
(2409, 2355)
(2409, 2356)
(2409, 2357)
(2409, 2358)
(2410, 2317)
(2410, 2318)
(2410, 2319)
(2410, 2320)
(2410, 2321)
(2410, 2322)
(2410, 2323)
(2410, 2324)
(2410, 2325)
(2410, 2326)
(2410, 2327)
(2410, 2328)
(2410, 2329)
(2410, 2330)
(2410, 2331)
(2410, 2332)
(2410, 2333)
(2410, 2334)
(2410, 2335)
(2410, 2336)
(2410, 2337)
(2410, 2338)
(2410, 2339)
(2410, 2340)
(2410, 2341)
(2410, 2342)
(2410, 2343)
(2410, 2344)
(2410, 2345)
(2410, 2346)
(2410, 2347)
(2410, 2348)
(2410, 2349)
(2410, 2350)
(2410, 2351)
(2410, 2352)
(2410, 2353)
(2410, 2354)
(2410, 2355)
(2410, 2356)
(2410, 2357)
(2410, 2358)
(2410, 2359)
(2411, 2318)
(2411, 2319)
(2411, 2320)
(2411, 2321)
(2411, 2322)
(2411, 2323)
(2411, 2324)
(2411, 2325)
(2411, 2326)
(2411, 2327)
(2411, 2328)
(2411, 2329)
(2411, 2330)
(2411, 2331)
(2411, 2332)
(2411, 2333)
(2411, 2334)
(2411, 2335)
(2411, 2336)
(2411, 2337)
(2411, 2338)
(2411, 2339)
(2411, 2340)
(2411, 2341)
(2411, 2342)
(2411, 2343)
(2411, 2344)
(2411, 2345)
(2411, 2346)
(2411, 2347)
(2411, 2348)
(2411, 2349)
(2411, 2350)
(2411, 2351)
(2411, 2352)
(2411, 2353)
(2411, 2354)
(2411, 2355)
(2411, 2356)
(2411, 2357)
(2411, 2358)
(2411, 2359)
(2411, 2360)
(2412, 2320)
(2412, 2321)
(2412, 2322)
(2412, 2323)
(2412, 2324)
(2412, 2325)
(2412, 2326)
(2412, 2327)
(2412, 2328)
(2412, 2329)
(2412, 2330)
(2412, 2331)
(2412, 2332)
(2412, 2333)
(2412, 2334)
(2412, 2335)
(2412, 2336)
(2412, 2337)
(2412, 2338)
(2412, 2339)
(2412, 2340)
(2412, 2341)
(2412, 2342)
(2412, 2343)
(2412, 2344)
(2412, 2345)
(2412, 2346)
(2412, 2347)
(2412, 2348)
(2412, 2349)
(2412, 2350)
(2412, 2351)
(2412, 2352)
(2412, 2353)
(2412, 2354)
(2412, 2355)
(2412, 2356)
(2412, 2357)
(2412, 2358)
(2412, 2359)
(2412, 2360)
(2412, 2361)
(2413, 2321)
(2413, 2322)
(2413, 2323)
(2413, 2324)
(2413, 2325)
(2413, 2326)
(2413, 2327)
(2413, 2328)
(2413, 2329)
(2413, 2330)
(2413, 2331)
(2413, 2332)
(2413, 2333)
(2413, 2334)
(2413, 2335)
(2413, 2336)
(2413, 2337)
(2413, 2338)
(2413, 2339)
(2413, 2340)
(2413, 2341)
(2413, 2342)
(2413, 2343)
(2413, 2344)
(2413, 2345)
(2413, 2346)
(2413, 2347)
(2413, 2348)
(2413, 2349)
(2413, 2350)
(2413, 2351)
(2413, 2352)
(2413, 2353)
(2413, 2354)
(2413, 2355)
(2413, 2356)
(2413, 2357)
(2413, 2358)
(2413, 2359)
(2413, 2360)
(2413, 2361)
(2413, 2362)
(2414, 2324)
(2414, 2325)
(2414, 2326)
(2414, 2327)
(2414, 2328)
(2414, 2329)
(2414, 2330)
(2414, 2331)
(2414, 2332)
(2414, 2333)
(2414, 2334)
(2414, 2335)
(2414, 2336)
(2414, 2337)
(2414, 2338)
(2414, 2339)
(2414, 2340)
(2414, 2341)
(2414, 2342)
(2414, 2343)
(2414, 2344)
(2414, 2345)
(2414, 2346)
(2414, 2347)
(2414, 2348)
(2414, 2349)
(2414, 2350)
(2414, 2351)
(2414, 2352)
(2414, 2353)
(2414, 2354)
(2414, 2355)
(2414, 2356)
(2414, 2357)
(2414, 2358)
(2414, 2359)
(2414, 2360)
(2414, 2361)
(2414, 2362)
(2414, 2363)
(2416, 17)
(2416, 18)
(2416, 19)
(2416, 20)
(2417, 17)
(2417, 18)
(2417, 19)
(2417, 20)
(2417, 21)
(2418, 17)
(2418, 18)
(2418, 19)
(2418, 20)
(2418, 21)
(2418, 22)
(2419, 17)
(2419, 18)
(2419, 19)
(2419, 20)
(2419, 21)
(2419, 22)
(2419, 23)
(2420, 17)
(2420, 18)
(2420, 19)
(2420, 20)
(2420, 21)
(2420, 22)
(2420, 23)
(2420, 24)
(2421, 17)
(2421, 18)
(2421, 19)
(2421, 20)
(2421, 21)
(2421, 22)
(2421, 23)
(2421, 24)
(2421, 25)
(2422, 18)
(2422, 19)
(2422, 20)
(2422, 21)
(2422, 22)
(2422, 23)
(2422, 24)
(2422, 25)
(2422, 26)
(2423, 18)
(2423, 19)
(2423, 20)
(2423, 21)
(2423, 22)
(2423, 23)
(2423, 24)
(2423, 25)
(2423, 26)
(2424, 19)
(2424, 20)
(2424, 21)
(2424, 22)
(2424, 23)
(2424, 24)
(2424, 25)
(2424, 26)
(2424, 27)
(2425, 20)
(2425, 21)
(2425, 22)
(2425, 23)
(2425, 24)
(2425, 25)
(2425, 26)
(2425, 27)
(2425, 28)
(2426, 20)
(2426, 21)
(2426, 22)
(2426, 23)
(2426, 24)
(2426, 25)
(2426, 26)
(2426, 27)
(2426, 28)
(2426, 29)
(2427, 21)
(2427, 22)
(2427, 23)
(2427, 24)
(2427, 25)
(2427, 26)
(2427, 27)
(2427, 28)
(2427, 29)
(2428, 22)
(2428, 23)
(2428, 24)
(2428, 25)
(2428, 26)
(2428, 27)
(2428, 28)
(2428, 29)
(2428, 30)
(2429, 23)
(2429, 24)
(2429, 25)
(2429, 26)
(2429, 27)
(2429, 28)
(2429, 29)
(2429, 30)
(2429, 31)
(2430, 24)
(2430, 25)
(2430, 26)
(2430, 27)
(2430, 28)
(2430, 29)
(2430, 30)
(2430, 31)
(2430, 32)
(2431, 25)
(2431, 26)
(2431, 27)
(2431, 28)
(2431, 29)
(2431, 30)
(2431, 31)
(2431, 32)
(2431, 33)
(2432, 26)
(2432, 27)
(2432, 28)
(2432, 29)
(2432, 30)
(2432, 31)
(2432, 32)
(2432, 33)
(2433, 27)
(2433, 28)
(2433, 29)
(2433, 30)
(2433, 31)
(2433, 32)
(2433, 33)
(2433, 34)
(2434, 28)
(2434, 29)
(2434, 30)
(2434, 31)
(2434, 32)
(2434, 33)
(2434, 34)
(2434, 35)
(2435, 29)
(2435, 30)
(2435, 31)
(2435, 32)
(2435, 33)
(2435, 34)
(2435, 35)
(2435, 36)
(2436, 29)
(2436, 30)
(2436, 31)
(2436, 32)
(2436, 33)
(2436, 34)
(2436, 35)
(2436, 36)
(2436, 37)
(2437, 30)
(2437, 31)
(2437, 32)
(2437, 33)
(2437, 34)
(2437, 35)
(2437, 36)
(2437, 37)
(2437, 38)
(2438, 31)
(2438, 32)
(2438, 33)
(2438, 34)
(2438, 35)
(2438, 36)
(2438, 37)
(2438, 38)
(2438, 39)
(2439, 32)
(2439, 33)
(2439, 34)
(2439, 35)
(2439, 36)
(2439, 37)
(2439, 38)
(2439, 39)
(2439, 40)
(2440, 33)
(2440, 34)
(2440, 35)
(2440, 36)
(2440, 37)
(2440, 38)
(2440, 39)
(2440, 40)
(2441, 34)
(2441, 35)
(2441, 36)
(2441, 37)
(2441, 38)
(2441, 39)
(2441, 40)
(2441, 41)
(2442, 36)
(2442, 37)
(2442, 38)
(2442, 39)
(2442, 40)
(2442, 41)
(2442, 42)
(2443, 37)
(2443, 38)
(2443, 39)
(2443, 40)
(2443, 41)
(2443, 42)
(2443, 43)
(2444, 38)
(2444, 39)
(2444, 40)
(2444, 41)
(2444, 42)
(2444, 43)
(2444, 44)
(2445, 39)
(2445, 40)
(2445, 41)
(2445, 42)
(2445, 43)
(2445, 44)
(2445, 45)
(2446, 40)
(2446, 41)
(2446, 42)
(2446, 43)
(2446, 44)
(2446, 45)
(2446, 46)
(2447, 41)
(2447, 42)
(2447, 43)
(2447, 44)
(2447, 45)
(2447, 46)
(2447, 47)
(2448, 42)
(2448, 43)
(2448, 44)
(2448, 45)
(2448, 46)
(2448, 47)
(2448, 48)
(2448, 49)
(2449, 43)
(2449, 44)
(2449, 45)
(2449, 46)
(2449, 47)
(2449, 48)
(2449, 49)
(2449, 50)
(2450, 44)
(2450, 45)
(2450, 46)
(2450, 47)
(2450, 48)
(2450, 49)
(2450, 50)
(2450, 51)
(2451, 45)
(2451, 46)
(2451, 47)
(2451, 48)
(2451, 49)
(2451, 50)
(2451, 51)
(2451, 52)
(2452, 46)
(2452, 47)
(2452, 48)
(2452, 49)
(2452, 50)
(2452, 51)
(2452, 52)
(2452, 53)
(2453, 47)
(2453, 48)
(2453, 49)
(2453, 50)
(2453, 51)
(2453, 52)
(2453, 53)
(2453, 54)
(2454, 49)
(2454, 50)
(2454, 51)
(2454, 52)
(2454, 53)
(2454, 54)
(2454, 55)
(2455, 50)
(2455, 51)
(2455, 52)
(2455, 53)
(2455, 54)
(2455, 55)
(2455, 56)
(2456, 51)
(2456, 52)
(2456, 53)
(2456, 54)
(2456, 55)
(2456, 56)
(2456, 57)
(2457, 52)
(2457, 53)
(2457, 54)
(2457, 55)
(2457, 56)
(2457, 57)
(2457, 58)
(2458, 53)
(2458, 54)
(2458, 55)
(2458, 56)
(2458, 57)
(2458, 58)
(2458, 59)
(2459, 54)
(2459, 55)
(2459, 56)
(2459, 57)
(2459, 58)
(2459, 59)
(2459, 60)
(2460, 55)
(2460, 56)
(2460, 57)
(2460, 58)
(2460, 59)
(2460, 60)
(2460, 61)
(2461, 56)
(2461, 57)
(2461, 58)
(2461, 59)
(2461, 60)
(2461, 61)
(2461, 62)
(2462, 57)
(2462, 58)
(2462, 59)
(2462, 60)
(2462, 61)
(2462, 62)
(2462, 63)
(2463, 58)
(2463, 59)
(2463, 60)
(2463, 61)
(2463, 62)
(2463, 63)
(2463, 64)
(2464, 59)
(2464, 60)
(2464, 61)
(2464, 62)
(2464, 63)
(2464, 64)
(2464, 65)
(2464, 66)
(2465, 60)
(2465, 61)
(2465, 62)
(2465, 63)
(2465, 64)
(2465, 65)
(2465, 66)
(2465, 67)
(2466, 61)
(2466, 62)
(2466, 63)
(2466, 64)
(2466, 65)
(2466, 66)
(2466, 67)
(2466, 68)
(2467, 62)
(2467, 63)
(2467, 64)
(2467, 65)
(2467, 66)
(2467, 67)
(2467, 68)
(2467, 69)
(2468, 63)
(2468, 64)
(2468, 65)
(2468, 66)
(2468, 67)
(2468, 68)
(2468, 69)
(2468, 70)
(2469, 64)
(2469, 65)
(2469, 66)
(2469, 67)
(2469, 68)
(2469, 69)
(2469, 70)
(2469, 71)
(2470, 65)
(2470, 66)
(2470, 67)
(2470, 68)
(2470, 69)
(2470, 70)
(2470, 71)
(2470, 72)
(2471, 66)
(2471, 67)
(2471, 68)
(2471, 69)
(2471, 70)
(2471, 71)
(2471, 72)
(2471, 73)
(2472, 67)
(2472, 68)
(2472, 69)
(2472, 70)
(2472, 71)
(2472, 72)
(2472, 73)
(2472, 74)
(2473, 68)
(2473, 69)
(2473, 70)
(2473, 71)
(2473, 72)
(2473, 73)
(2473, 74)
(2473, 75)
(2474, 69)
(2474, 70)
(2474, 71)
(2474, 72)
(2474, 73)
(2474, 74)
(2474, 75)
(2474, 76)
(2475, 70)
(2475, 71)
(2475, 72)
(2475, 73)
(2475, 74)
(2475, 75)
(2475, 76)
(2475, 77)
(2476, 71)
(2476, 72)
(2476, 73)
(2476, 74)
(2476, 75)
(2476, 76)
(2476, 77)
(2476, 78)
(2477, 72)
(2477, 73)
(2477, 74)
(2477, 75)
(2477, 76)
(2477, 77)
(2477, 78)
(2477, 79)
(2478, 73)
(2478, 74)
(2478, 75)
(2478, 76)
(2478, 77)
(2478, 78)
(2478, 79)
(2478, 80)
(2479, 74)
(2479, 75)
(2479, 76)
(2479, 77)
(2479, 78)
(2479, 79)
(2479, 80)
(2479, 81)
(2480, 75)
(2480, 76)
(2480, 77)
(2480, 78)
(2480, 79)
(2480, 80)
(2480, 81)
(2480, 82)
(2481, 76)
(2481, 77)
(2481, 78)
(2481, 79)
(2481, 80)
(2481, 81)
(2481, 82)
(2481, 83)
(2482, 77)
(2482, 78)
(2482, 79)
(2482, 80)
(2482, 81)
(2482, 82)
(2482, 83)
(2482, 84)
(2483, 78)
(2483, 79)
(2483, 80)
(2483, 81)
(2483, 82)
(2483, 83)
(2483, 84)
(2483, 85)
(2484, 79)
(2484, 80)
(2484, 81)
(2484, 82)
(2484, 83)
(2484, 84)
(2484, 85)
(2484, 86)
(2485, 80)
(2485, 81)
(2485, 82)
(2485, 83)
(2485, 84)
(2485, 85)
(2485, 86)
(2485, 87)
(2486, 81)
(2486, 82)
(2486, 83)
(2486, 84)
(2486, 85)
(2486, 86)
(2486, 87)
(2486, 88)
(2487, 82)
(2487, 83)
(2487, 84)
(2487, 85)
(2487, 86)
(2487, 87)
(2487, 88)
(2487, 89)
(2488, 83)
(2488, 84)
(2488, 85)
(2488, 86)
(2488, 87)
(2488, 88)
(2488, 89)
(2488, 90)
(2489, 84)
(2489, 85)
(2489, 86)
(2489, 87)
(2489, 88)
(2489, 89)
(2489, 90)
(2489, 91)
(2490, 85)
(2490, 86)
(2490, 87)
(2490, 88)
(2490, 89)
(2490, 90)
(2490, 91)
(2490, 92)
(2491, 86)
(2491, 87)
(2491, 88)
(2491, 89)
(2491, 90)
(2491, 91)
(2491, 92)
(2491, 93)
(2492, 87)
(2492, 88)
(2492, 89)
(2492, 90)
(2492, 91)
(2492, 92)
(2492, 93)
(2492, 94)
(2493, 88)
(2493, 89)
(2493, 90)
(2493, 91)
(2493, 92)
(2493, 93)
(2493, 94)
(2493, 95)
(2494, 89)
(2494, 90)
(2494, 91)
(2494, 92)
(2494, 93)
(2494, 94)
(2494, 95)
(2494, 96)
(2494, 97)
(2495, 90)
(2495, 91)
(2495, 92)
(2495, 93)
(2495, 94)
(2495, 95)
(2495, 96)
(2495, 97)
(2495, 98)
(2496, 91)
(2496, 92)
(2496, 93)
(2496, 94)
(2496, 95)
(2496, 96)
(2496, 97)
(2496, 98)
(2496, 99)
(2497, 92)
(2497, 93)
(2497, 94)
(2497, 95)
(2497, 96)
(2497, 97)
(2497, 98)
(2497, 99)
(2497, 100)
(2498, 93)
(2498, 94)
(2498, 95)
(2498, 96)
(2498, 97)
(2498, 98)
(2498, 99)
(2498, 100)
(2498, 101)
(2498, 102)
(2499, 95)
(2499, 96)
(2499, 97)
(2499, 98)
(2499, 99)
(2499, 100)
(2499, 101)
(2499, 102)
(2499, 103)
(2500, 96)
(2500, 97)
(2500, 98)
(2500, 99)
(2500, 100)
(2500, 101)
(2500, 102)
(2500, 103)
(2500, 104)
(2501, 97)
(2501, 98)
(2501, 99)
(2501, 100)
(2501, 101)
(2501, 102)
(2501, 103)
(2501, 104)
(2501, 105)
(2501, 106)
(2502, 98)
(2502, 99)
(2502, 100)
(2502, 101)
(2502, 102)
(2502, 103)
(2502, 104)
(2502, 105)
(2502, 106)
(2502, 107)
(2502, 108)
(2503, 99)
(2503, 100)
(2503, 101)
(2503, 102)
(2503, 103)
(2503, 104)
(2503, 105)
(2503, 106)
(2503, 107)
(2503, 108)
(2503, 109)
(2504, 100)
(2504, 101)
(2504, 102)
(2504, 103)
(2504, 104)
(2504, 105)
(2504, 106)
(2504, 107)
(2504, 108)
(2504, 109)
(2504, 110)
(2504, 111)
(2505, 102)
(2505, 103)
(2505, 104)
(2505, 105)
(2505, 106)
(2505, 107)
(2505, 108)
(2505, 109)
(2505, 110)
(2505, 111)
(2505, 112)
(2505, 113)
(2506, 103)
(2506, 104)
(2506, 105)
(2506, 106)
(2506, 107)
(2506, 108)
(2506, 109)
(2506, 110)
(2506, 111)
(2506, 112)
(2506, 113)
(2506, 114)
(2506, 115)
(2506, 116)
(2507, 104)
(2507, 105)
(2507, 106)
(2507, 107)
(2507, 108)
(2507, 109)
(2507, 110)
(2507, 111)
(2507, 112)
(2507, 113)
(2507, 114)
(2507, 115)
(2507, 116)
(2507, 117)
(2507, 118)
(2508, 106)
(2508, 107)
(2508, 108)
(2508, 109)
(2508, 110)
(2508, 111)
(2508, 112)
(2508, 113)
(2508, 114)
(2508, 115)
(2508, 116)
(2508, 117)
(2508, 118)
(2508, 119)
(2508, 120)
(2508, 121)
(2509, 107)
(2509, 108)
(2509, 109)
(2509, 110)
(2509, 111)
(2509, 112)
(2509, 113)
(2509, 114)
(2509, 115)
(2509, 116)
(2509, 117)
(2509, 118)
(2509, 119)
(2509, 120)
(2509, 121)
(2509, 122)
(2509, 123)
(2509, 124)
(2510, 109)
(2510, 110)
(2510, 111)
(2510, 112)
(2510, 113)
(2510, 114)
(2510, 115)
(2510, 116)
(2510, 117)
(2510, 118)
(2510, 119)
(2510, 120)
(2510, 121)
(2510, 122)
(2510, 123)
(2510, 124)
(2510, 125)
(2510, 126)
(2510, 127)
(2511, 111)
(2511, 112)
(2511, 113)
(2511, 114)
(2511, 115)
(2511, 116)
(2511, 117)
(2511, 118)
(2511, 119)
(2511, 120)
(2511, 121)
(2511, 122)
(2511, 123)
(2511, 124)
(2511, 125)
(2511, 126)
(2511, 127)
(2511, 128)
(2511, 129)
(2511, 130)
(2512, 113)
(2512, 114)
(2512, 115)
(2512, 116)
(2512, 117)
(2512, 118)
(2512, 119)
(2512, 120)
(2512, 121)
(2512, 122)
(2512, 123)
(2512, 124)
(2512, 125)
(2512, 126)
(2512, 127)
(2512, 128)
(2512, 129)
(2512, 130)
(2512, 131)
(2512, 132)
(2512, 133)
(2513, 115)
(2513, 116)
(2513, 117)
(2513, 118)
(2513, 119)
(2513, 120)
(2513, 121)
(2513, 122)
(2513, 123)
(2513, 124)
(2513, 125)
(2513, 126)
(2513, 127)
(2513, 128)
(2513, 129)
(2513, 130)
(2513, 131)
(2513, 132)
(2513, 133)
(2513, 134)
(2513, 135)
(2514, 117)
(2514, 118)
(2514, 119)
(2514, 120)
(2514, 121)
(2514, 122)
(2514, 123)
(2514, 124)
(2514, 125)
(2514, 126)
(2514, 127)
(2514, 128)
(2514, 129)
(2514, 130)
(2514, 131)
(2514, 132)
(2514, 133)
(2514, 134)
(2514, 135)
(2514, 136)
(2514, 137)
(2515, 119)
(2515, 120)
(2515, 121)
(2515, 122)
(2515, 123)
(2515, 124)
(2515, 125)
(2515, 126)
(2515, 127)
(2515, 128)
(2515, 129)
(2515, 130)
(2515, 131)
(2515, 132)
(2515, 133)
(2515, 134)
(2515, 135)
(2515, 136)
(2515, 137)
(2515, 138)
(2515, 139)
(2516, 122)
(2516, 123)
(2516, 124)
(2516, 125)
(2516, 126)
(2516, 127)
(2516, 128)
(2516, 129)
(2516, 130)
(2516, 131)
(2516, 132)
(2516, 133)
(2516, 134)
(2516, 135)
(2516, 136)
(2516, 137)
(2516, 138)
(2516, 139)
(2516, 140)
(2517, 125)
(2517, 126)
(2517, 127)
(2517, 128)
(2517, 129)
(2517, 130)
(2517, 131)
(2517, 132)
(2517, 133)
(2517, 134)
(2517, 135)
(2517, 136)
(2517, 137)
(2517, 138)
(2517, 139)
(2517, 140)
(2518, 128)
(2518, 129)
(2518, 130)
(2518, 131)
(2518, 132)
(2518, 133)
(2518, 134)
(2518, 135)
(2518, 136)
(2518, 137)
(2518, 138)
(2518, 139)
(2518, 140)
(2519, 132)
(2519, 133)
(2519, 134)
(2519, 135)
(2519, 136)
(2519, 137)
(2519, 138)
(2519, 139)
(2572, 1553)
(2572, 1554)
(2572, 1555)
(2572, 1556)
(2572, 1557)
(2572, 1558)
(2572, 1559)
(2572, 1560)
(2573, 1548)
(2573, 1549)
(2573, 1550)
(2573, 1551)
(2573, 1552)
(2573, 1553)
(2573, 1554)
(2573, 1555)
(2573, 1556)
(2573, 1557)
(2573, 1558)
(2573, 1559)
(2573, 1560)
(2573, 1561)
(2573, 1562)
(2573, 1563)
(2574, 796)
(2574, 797)
(2574, 798)
(2574, 799)
(2574, 800)
(2574, 801)
(2574, 802)
(2574, 803)
(2574, 804)
(2574, 805)
(2574, 1545)
(2574, 1546)
(2574, 1547)
(2574, 1548)
(2574, 1549)
(2574, 1550)
(2574, 1551)
(2574, 1552)
(2574, 1553)
(2574, 1554)
(2574, 1555)
(2574, 1556)
(2574, 1557)
(2574, 1558)
(2574, 1559)
(2574, 1560)
(2574, 1561)
(2574, 1562)
(2574, 1563)
(2574, 1564)
(2575, 795)
(2575, 796)
(2575, 797)
(2575, 798)
(2575, 799)
(2575, 800)
(2575, 801)
(2575, 802)
(2575, 803)
(2575, 804)
(2575, 805)
(2575, 806)
(2575, 807)
(2575, 808)
(2575, 809)
(2575, 1543)
(2575, 1544)
(2575, 1545)
(2575, 1546)
(2575, 1547)
(2575, 1548)
(2575, 1549)
(2575, 1550)
(2575, 1551)
(2575, 1552)
(2575, 1553)
(2575, 1554)
(2575, 1555)
(2575, 1556)
(2575, 1557)
(2575, 1558)
(2575, 1559)
(2575, 1560)
(2575, 1561)
(2575, 1562)
(2575, 1563)
(2575, 1564)
(2575, 1565)
(2576, 795)
(2576, 796)
(2576, 797)
(2576, 798)
(2576, 799)
(2576, 800)
(2576, 801)
(2576, 802)
(2576, 803)
(2576, 804)
(2576, 805)
(2576, 806)
(2576, 807)
(2576, 808)
(2576, 809)
(2576, 810)
(2576, 811)
(2576, 1544)
(2576, 1545)
(2576, 1546)
(2576, 1547)
(2576, 1548)
(2576, 1549)
(2576, 1550)
(2576, 1551)
(2576, 1552)
(2576, 1553)
(2576, 1554)
(2576, 1555)
(2576, 1556)
(2576, 1557)
(2576, 1558)
(2576, 1559)
(2576, 1560)
(2576, 1561)
(2576, 1562)
(2576, 1563)
(2576, 1564)
(2576, 1565)
(2577, 796)
(2577, 797)
(2577, 798)
(2577, 799)
(2577, 800)
(2577, 801)
(2577, 802)
(2577, 803)
(2577, 804)
(2577, 805)
(2577, 806)
(2577, 807)
(2577, 808)
(2577, 809)
(2577, 810)
(2577, 811)
(2577, 812)
(2577, 813)
(2577, 814)
(2577, 1545)
(2577, 1546)
(2577, 1547)
(2577, 1548)
(2577, 1549)
(2577, 1550)
(2577, 1551)
(2577, 1552)
(2577, 1553)
(2577, 1554)
(2577, 1555)
(2577, 1556)
(2577, 1557)
(2577, 1558)
(2577, 1559)
(2577, 1560)
(2577, 1561)
(2577, 1562)
(2577, 1563)
(2577, 1564)
(2577, 1565)
(2578, 798)
(2578, 799)
(2578, 800)
(2578, 801)
(2578, 802)
(2578, 803)
(2578, 804)
(2578, 805)
(2578, 806)
(2578, 807)
(2578, 808)
(2578, 809)
(2578, 810)
(2578, 811)
(2578, 812)
(2578, 813)
(2578, 814)
(2578, 815)
(2578, 816)
(2578, 1548)
(2578, 1549)
(2578, 1550)
(2578, 1551)
(2578, 1552)
(2578, 1553)
(2578, 1554)
(2578, 1555)
(2578, 1556)
(2578, 1557)
(2578, 1558)
(2578, 1559)
(2578, 1560)
(2578, 1561)
(2578, 1562)
(2578, 1563)
(2578, 1564)
(2579, 800)
(2579, 801)
(2579, 802)
(2579, 803)
(2579, 804)
(2579, 805)
(2579, 806)
(2579, 807)
(2579, 808)
(2579, 809)
(2579, 810)
(2579, 811)
(2579, 812)
(2579, 813)
(2579, 814)
(2579, 815)
(2579, 816)
(2579, 817)
(2579, 818)
(2579, 1553)
(2579, 1554)
(2579, 1555)
(2579, 1556)
(2579, 1557)
(2579, 1558)
(2579, 1559)
(2579, 1560)
(2579, 1561)
(2580, 802)
(2580, 803)
(2580, 804)
(2580, 805)
(2580, 806)
(2580, 807)
(2580, 808)
(2580, 809)
(2580, 810)
(2580, 811)
(2580, 812)
(2580, 813)
(2580, 814)
(2580, 815)
(2580, 816)
(2580, 817)
(2580, 818)
(2580, 819)
(2580, 820)
(2581, 805)
(2581, 806)
(2581, 807)
(2581, 808)
(2581, 809)
(2581, 810)
(2581, 811)
(2581, 812)
(2581, 813)
(2581, 814)
(2581, 815)
(2581, 816)
(2581, 817)
(2581, 818)
(2581, 819)
(2581, 820)
(2581, 821)
(2582, 808)
(2582, 809)
(2582, 810)
(2582, 811)
(2582, 812)
(2582, 813)
(2582, 814)
(2582, 815)
(2582, 816)
(2582, 817)
(2582, 818)
(2582, 819)
(2582, 820)
(2582, 821)
(2582, 822)
(2582, 823)
(2583, 811)
(2583, 812)
(2583, 813)
(2583, 814)
(2583, 815)
(2583, 816)
(2583, 817)
(2583, 818)
(2583, 819)
(2583, 820)
(2583, 821)
(2583, 822)
(2583, 823)
(2583, 824)
(2583, 825)
(2584, 814)
(2584, 815)
(2584, 816)
(2584, 817)
(2584, 818)
(2584, 819)
(2584, 820)
(2584, 821)
(2584, 822)
(2584, 823)
(2584, 824)
(2584, 825)
(2584, 826)
(2585, 816)
(2585, 817)
(2585, 818)
(2585, 819)
(2585, 820)
(2585, 821)
(2585, 822)
(2585, 823)
(2585, 824)
(2585, 825)
(2585, 826)
(2585, 827)
(2585, 828)
(2586, 818)
(2586, 819)
(2586, 820)
(2586, 821)
(2586, 822)
(2586, 823)
(2586, 824)
(2586, 825)
(2586, 826)
(2586, 827)
(2586, 828)
(2586, 829)
(2587, 820)
(2587, 821)
(2587, 822)
(2587, 823)
(2587, 824)
(2587, 825)
(2587, 826)
(2587, 827)
(2587, 828)
(2587, 829)
(2587, 830)
(2587, 831)
(2588, 822)
(2588, 823)
(2588, 824)
(2588, 825)
(2588, 826)
(2588, 827)
(2588, 828)
(2588, 829)
(2588, 830)
(2588, 831)
(2588, 832)
(2589, 824)
(2589, 825)
(2589, 826)
(2589, 827)
(2589, 828)
(2589, 829)
(2589, 830)
(2589, 831)
(2589, 832)
(2589, 833)
(2589, 834)
(2590, 826)
(2590, 827)
(2590, 828)
(2590, 829)
(2590, 830)
(2590, 831)
(2590, 832)
(2590, 833)
(2590, 834)
(2590, 835)
(2591, 827)
(2591, 828)
(2591, 829)
(2591, 830)
(2591, 831)
(2591, 832)
(2591, 833)
(2591, 834)
(2591, 835)
(2591, 836)
(2591, 837)
(2592, 829)
(2592, 830)
(2592, 831)
(2592, 832)
(2592, 833)
(2592, 834)
(2592, 835)
(2592, 836)
(2592, 837)
(2592, 838)
(2593, 830)
(2593, 831)
(2593, 832)
(2593, 833)
(2593, 834)
(2593, 835)
(2593, 836)
(2593, 837)
(2593, 838)
(2593, 839)
(2594, 832)
(2594, 833)
(2594, 834)
(2594, 835)
(2594, 836)
(2594, 837)
(2594, 838)
(2594, 839)
(2594, 840)
(2594, 841)
(2595, 833)
(2595, 834)
(2595, 835)
(2595, 836)
(2595, 837)
(2595, 838)
(2595, 839)
(2595, 840)
(2595, 841)
(2595, 842)
(2596, 835)
(2596, 836)
(2596, 837)
(2596, 838)
(2596, 839)
(2596, 840)
(2596, 841)
(2596, 842)
(2596, 843)
(2596, 844)
(2597, 836)
(2597, 837)
(2597, 838)
(2597, 839)
(2597, 840)
(2597, 841)
(2597, 842)
(2597, 843)
(2597, 844)
(2597, 845)
(2598, 838)
(2598, 839)
(2598, 840)
(2598, 841)
(2598, 842)
(2598, 843)
(2598, 844)
(2598, 845)
(2598, 846)
(2599, 839)
(2599, 840)
(2599, 841)
(2599, 842)
(2599, 843)
(2599, 844)
(2599, 845)
(2599, 846)
(2599, 847)
(2599, 848)
(2600, 840)
(2600, 841)
(2600, 842)
(2600, 843)
(2600, 844)
(2600, 845)
(2600, 846)
(2600, 847)
(2600, 848)
(2600, 849)
(2601, 842)
(2601, 843)
(2601, 844)
(2601, 845)
(2601, 846)
(2601, 847)
(2601, 848)
(2601, 849)
(2601, 850)
(2602, 843)
(2602, 844)
(2602, 845)
(2602, 846)
(2602, 847)
(2602, 848)
(2602, 849)
(2602, 850)
(2602, 851)
(2602, 852)
(2603, 844)
(2603, 845)
(2603, 846)
(2603, 847)
(2603, 848)
(2603, 849)
(2603, 850)
(2603, 851)
(2603, 852)
(2603, 853)
(2604, 846)
(2604, 847)
(2604, 848)
(2604, 849)
(2604, 850)
(2604, 851)
(2604, 852)
(2604, 853)
(2604, 854)
(2605, 847)
(2605, 848)
(2605, 849)
(2605, 850)
(2605, 851)
(2605, 852)
(2605, 853)
(2605, 854)
(2605, 855)
(2605, 856)
(2606, 848)
(2606, 849)
(2606, 850)
(2606, 851)
(2606, 852)
(2606, 853)
(2606, 854)
(2606, 855)
(2606, 856)
(2606, 857)
(2607, 850)
(2607, 851)
(2607, 852)
(2607, 853)
(2607, 854)
(2607, 855)
(2607, 856)
(2607, 857)
(2607, 858)
(2608, 851)
(2608, 852)
(2608, 853)
(2608, 854)
(2608, 855)
(2608, 856)
(2608, 857)
(2608, 858)
(2608, 859)
(2608, 860)
(2609, 852)
(2609, 853)
(2609, 854)
(2609, 855)
(2609, 856)
(2609, 857)
(2609, 858)
(2609, 859)
(2609, 860)
(2609, 861)
(2610, 853)
(2610, 854)
(2610, 855)
(2610, 856)
(2610, 857)
(2610, 858)
(2610, 859)
(2610, 860)
(2610, 861)
(2610, 862)
(2611, 854)
(2611, 855)
(2611, 856)
(2611, 857)
(2611, 858)
(2611, 859)
(2611, 860)
(2611, 861)
(2611, 862)
(2611, 863)
(2611, 864)
(2612, 856)
(2612, 857)
(2612, 858)
(2612, 859)
(2612, 860)
(2612, 861)
(2612, 862)
(2612, 863)
(2612, 864)
(2612, 865)
(2613, 857)
(2613, 858)
(2613, 859)
(2613, 860)
(2613, 861)
(2613, 862)
(2613, 863)
(2613, 864)
(2613, 865)
(2613, 866)
(2613, 867)
(2614, 858)
(2614, 859)
(2614, 860)
(2614, 861)
(2614, 862)
(2614, 863)
(2614, 864)
(2614, 865)
(2614, 866)
(2614, 867)
(2614, 868)
(2615, 859)
(2615, 860)
(2615, 861)
(2615, 862)
(2615, 863)
(2615, 864)
(2615, 865)
(2615, 866)
(2615, 867)
(2615, 868)
(2615, 869)
(2615, 870)
(2616, 860)
(2616, 861)
(2616, 862)
(2616, 863)
(2616, 864)
(2616, 865)
(2616, 866)
(2616, 867)
(2616, 868)
(2616, 869)
(2616, 870)
(2616, 871)
(2616, 872)
(2617, 862)
(2617, 863)
(2617, 864)
(2617, 865)
(2617, 866)
(2617, 867)
(2617, 868)
(2617, 869)
(2617, 870)
(2617, 871)
(2617, 872)
(2617, 873)
(2618, 863)
(2618, 864)
(2618, 865)
(2618, 866)
(2618, 867)
(2618, 868)
(2618, 869)
(2618, 870)
(2618, 871)
(2618, 872)
(2618, 873)
(2618, 874)
(2618, 875)
(2619, 864)
(2619, 865)
(2619, 866)
(2619, 867)
(2619, 868)
(2619, 869)
(2619, 870)
(2619, 871)
(2619, 872)
(2619, 873)
(2619, 874)
(2619, 875)
(2619, 876)
(2619, 877)
(2620, 866)
(2620, 867)
(2620, 868)
(2620, 869)
(2620, 870)
(2620, 871)
(2620, 872)
(2620, 873)
(2620, 874)
(2620, 875)
(2620, 876)
(2620, 877)
(2620, 878)
(2620, 879)
(2621, 867)
(2621, 868)
(2621, 869)
(2621, 870)
(2621, 871)
(2621, 872)
(2621, 873)
(2621, 874)
(2621, 875)
(2621, 876)
(2621, 877)
(2621, 878)
(2621, 879)
(2621, 880)
(2621, 881)
(2621, 882)
(2622, 869)
(2622, 870)
(2622, 871)
(2622, 872)
(2622, 873)
(2622, 874)
(2622, 875)
(2622, 876)
(2622, 877)
(2622, 878)
(2622, 879)
(2622, 880)
(2622, 881)
(2622, 882)
(2622, 883)
(2622, 884)
(2623, 870)
(2623, 871)
(2623, 872)
(2623, 873)
(2623, 874)
(2623, 875)
(2623, 876)
(2623, 877)
(2623, 878)
(2623, 879)
(2623, 880)
(2623, 881)
(2623, 882)
(2623, 883)
(2623, 884)
(2623, 885)
(2623, 886)
(2624, 872)
(2624, 873)
(2624, 874)
(2624, 875)
(2624, 876)
(2624, 877)
(2624, 878)
(2624, 879)
(2624, 880)
(2624, 881)
(2624, 882)
(2624, 883)
(2624, 884)
(2624, 885)
(2624, 886)
(2624, 887)
(2624, 888)
(2624, 889)
(2625, 873)
(2625, 874)
(2625, 875)
(2625, 876)
(2625, 877)
(2625, 878)
(2625, 879)
(2625, 880)
(2625, 881)
(2625, 882)
(2625, 883)
(2625, 884)
(2625, 885)
(2625, 886)
(2625, 887)
(2625, 888)
(2625, 889)
(2625, 890)
(2625, 891)
(2626, 875)
(2626, 876)
(2626, 877)
(2626, 878)
(2626, 879)
(2626, 880)
(2626, 881)
(2626, 882)
(2626, 883)
(2626, 884)
(2626, 885)
(2626, 886)
(2626, 887)
(2626, 888)
(2626, 889)
(2626, 890)
(2626, 891)
(2626, 892)
(2626, 893)
(2626, 894)
(2627, 877)
(2627, 878)
(2627, 879)
(2627, 880)
(2627, 881)
(2627, 882)
(2627, 883)
(2627, 884)
(2627, 885)
(2627, 886)
(2627, 887)
(2627, 888)
(2627, 889)
(2627, 890)
(2627, 891)
(2627, 892)
(2627, 893)
(2627, 894)
(2627, 895)
(2627, 896)
(2628, 879)
(2628, 880)
(2628, 881)
(2628, 882)
(2628, 883)
(2628, 884)
(2628, 885)
(2628, 886)
(2628, 887)
(2628, 888)
(2628, 889)
(2628, 890)
(2628, 891)
(2628, 892)
(2628, 893)
(2628, 894)
(2628, 895)
(2628, 896)
(2628, 897)
(2628, 898)
(2628, 899)
(2629, 882)
(2629, 883)
(2629, 884)
(2629, 885)
(2629, 886)
(2629, 887)
(2629, 888)
(2629, 889)
(2629, 890)
(2629, 891)
(2629, 892)
(2629, 893)
(2629, 894)
(2629, 895)
(2629, 896)
(2629, 897)
(2629, 898)
(2629, 899)
(2629, 900)
(2629, 901)
(2630, 884)
(2630, 885)
(2630, 886)
(2630, 887)
(2630, 888)
(2630, 889)
(2630, 890)
(2630, 891)
(2630, 892)
(2630, 893)
(2630, 894)
(2630, 895)
(2630, 896)
(2630, 897)
(2630, 898)
(2630, 899)
(2630, 900)
(2630, 901)
(2630, 902)
(2631, 886)
(2631, 887)
(2631, 888)
(2631, 889)
(2631, 890)
(2631, 891)
(2631, 892)
(2631, 893)
(2631, 894)
(2631, 895)
(2631, 896)
(2631, 897)
(2631, 898)
(2631, 899)
(2631, 900)
(2631, 901)
(2631, 902)
(2631, 903)
(2632, 888)
(2632, 889)
(2632, 890)
(2632, 891)
(2632, 892)
(2632, 893)
(2632, 894)
(2632, 895)
(2632, 896)
(2632, 897)
(2632, 898)
(2632, 899)
(2632, 900)
(2632, 901)
(2632, 902)
(2632, 903)
(2632, 904)
(2633, 891)
(2633, 892)
(2633, 893)
(2633, 894)
(2633, 895)
(2633, 896)
(2633, 897)
(2633, 898)
(2633, 899)
(2633, 900)
(2633, 901)
(2633, 902)
(2633, 903)
(2633, 904)
(2634, 894)
(2634, 895)
(2634, 896)
(2634, 897)
(2634, 898)
(2634, 899)
(2634, 900)
(2634, 901)
(2634, 902)
(2634, 903)
(2634, 904)
(2635, 898)
(2635, 899)
(2635, 900)
(2635, 901)
(2635, 902)
